0.69193	0.696053	0.69193			0.799013	0.778885	0.799013			0.758653	0.745377	0.758653			0.830761	0.822664	0.830761			0.705072	0.648368	0.705072			0.817014	0.783657	0.817014			0.767157	0.7332	0.767157			0.834915	0.810431	0.834915			0.69193	0.696053	0.69193			0.799013	0.778885	0.799013			0.758653	0.745377	0.758653			0.830761	0.822664	0.830761			0.77058	0.771772	0.77058			0.867541	0.846033	0.867541			0.818486	0.804644	0.818486			0.876822	0.871685	0.876822			
0.539737	0.696053	0.69193			0.432581	0.778885	0.799013			0.438537	0.745377	0.758653			0.321272	0.822664	0.830761			0.528368	0.648368	0.705072			0.43362	0.783657	0.817014			0.4316	0.7332	0.767157			0.314362	0.810431	0.834915			0.539737	0.696053	0.69193			0.432581	0.778885	0.799013			0.438537	0.745377	0.758653			0.321272	0.822664	0.830761			0.526928	0.771772	0.77058			0.427026	0.846033	0.867541			0.474952	0.804644	0.818486			0.349517	0.871685	0.876822			
0.69193	0.696053	0.69193			0.716526	0.778885	0.799013			0.678876	0.745377	0.758653			0.665739	0.822664	0.830761			0.700144	0.648368	0.705072			0.74384	0.783657	0.817014			0.685168	0.7332	0.767157			0.650469	0.810431	0.834915			0.69193	0.696053	0.69193			0.716526	0.778885	0.799013			0.678876	0.745377	0.758653			0.665739	0.822664	0.830761			0.77058	0.771772	0.77058			0.786213	0.846033	0.867541			0.737903	0.804644	0.818486			0.705474	0.871685	0.876822			
0.668597	0.696053	0.69193			0.65213	0.778885	0.799013			0.611309	0.745377	0.758653			0.504512	0.822664	0.830761			0.673056	0.648368	0.705072			0.690271	0.783657	0.817014			0.598346	0.7332	0.767157			0.489039	0.810431	0.834915			0.668597	0.696053	0.69193			0.65213	0.778885	0.799013			0.611309	0.745377	0.758653			0.504512	0.822664	0.830761			0.751638	0.771772	0.77058			0.716614	0.846033	0.867541			0.669194	0.804644	0.818486			0.544648	0.871685	0.876822			
0.641491	0.696053	0.69193			0.604652	0.778885	0.799013			0.544452	0.745377	0.758653			0.370783	0.822664	0.830761			0.66408	0.648368	0.705072			0.664694	0.783657	0.817014			0.543676	0.7332	0.767157			0.367615	0.810431	0.834915			0.641491	0.696053	0.69193			0.604652	0.778885	0.799013			0.544452	0.745377	0.758653			0.370783	0.822664	0.830761			0.72334	0.771772	0.77058			0.666095	0.846033	0.867541			0.600536	0.804644	0.818486			0.416641	0.871685	0.876822			
0.605351	0.696053	0.69193			0.561294	0.778885	0.799013			0.505631	0.745377	0.758653			0.365722	0.822664	0.830761			0.638048	0.648368	0.705072			0.621563	0.783657	0.817014			0.507049	0.7332	0.767157			0.362454	0.810431	0.834915			0.605351	0.696053	0.69193			0.561294	0.778885	0.799013			0.505631	0.745377	0.758653			0.365722	0.822664	0.830761			0.678995	0.771772	0.77058			0.603983	0.846033	0.867541			0.5704	0.804644	0.818486			0.412117	0.871685	0.876822			
0.584561	0.696053	0.69193			0.525157	0.778885	0.799013			0.488798	0.745377	0.758653			0.361547	0.822664	0.830761			0.618688	0.648368	0.705072			0.573014	0.783657	0.817014			0.490389	0.7332	0.767157			0.360177	0.810431	0.834915			0.584561	0.696053	0.69193			0.525157	0.778885	0.799013			0.488798	0.745377	0.758653			0.361547	0.822664	0.830761			0.646895	0.771772	0.77058			0.568187	0.846033	0.867541			0.548769	0.804644	0.818486			0.401901	0.871685	0.876822			
0.578246	0.696053	0.69193			0.512234	0.778885	0.799013			0.484827	0.745377	0.758653			0.352311	0.822664	0.830761			0.60064	0.648368	0.705072			0.530577	0.783657	0.817014			0.487222	0.7332	0.767157			0.3537	0.810431	0.834915			0.578246	0.696053	0.69193			0.512234	0.778885	0.799013			0.484827	0.745377	0.758653			0.352311	0.822664	0.830761			0.618783	0.771772	0.77058			0.52082	0.846033	0.867541			0.539353	0.804644	0.818486			0.389706	0.871685	0.876822			
0.575263	0.696053	0.69193			0.500031	0.778885	0.799013			0.479908	0.745377	0.758653			0.349823	0.822664	0.830761			0.57304	0.648368	0.705072			0.513343	0.783657	0.817014			0.474497	0.7332	0.767157			0.345038	0.810431	0.834915			0.575263	0.696053	0.69193			0.500031	0.778885	0.799013			0.479908	0.745377	0.758653			0.349823	0.822664	0.830761			0.608736	0.771772	0.77058			0.517185	0.846033	0.867541			0.533966	0.804644	0.818486			0.385401	0.871685	0.876822			
0.565702	0.696053	0.69193			0.469251	0.778885	0.799013			0.478011	0.745377	0.758653			0.342358	0.822664	0.830761			0.57112	0.648368	0.705072			0.481797	0.783657	0.817014			0.465784	0.7332	0.767157			0.336946	0.810431	0.834915			0.565702	0.696053	0.69193			0.469251	0.778885	0.799013			0.478011	0.745377	0.758653			0.342358	0.822664	0.830761			0.5964	0.771772	0.77058			0.478215	0.846033	0.867541			0.527525	0.804644	0.818486			0.383262	0.871685	0.876822			
0.563947	0.696053	0.69193			0.462594	0.778885	0.799013			0.464794	0.745377	0.758653			0.333376	0.822664	0.830761			0.562224	0.648368	0.705072			0.468029	0.783657	0.817014			0.465784	0.7332	0.767157			0.328369	0.810431	0.834915			0.563947	0.696053	0.69193			0.462594	0.778885	0.799013			0.464794	0.745377	0.758653			0.333376	0.822664	0.830761			0.586631	0.771772	0.77058			0.466518	0.846033	0.867541			0.525108	0.804644	0.818486			0.380424	0.871685	0.876822			
0.563246	0.696053	0.69193			0.462594	0.778885	0.799013			0.451399	0.745377	0.758653			0.331731	0.822664	0.830761			0.555712	0.648368	0.705072			0.46346	0.783657	0.817014			0.461578	0.7332	0.767157			0.326662	0.810431	0.834915			0.563246	0.696053	0.69193			0.462594	0.778885	0.799013			0.451399	0.745377	0.758653			0.331731	0.822664	0.830761			0.575435	0.771772	0.77058			0.450212	0.846033	0.867541			0.511942	0.804644	0.818486			0.380167	0.871685	0.876822			
0.557193	0.696053	0.69193			0.451316	0.778885	0.799013			0.448139	0.745377	0.758653			0.328483	0.822664	0.830761			0.555568	0.648368	0.705072			0.461437	0.783657	0.817014			0.451849	0.7332	0.767157			0.325477	0.810431	0.834915			0.557193	0.696053	0.69193			0.451316	0.778885	0.799013			0.448139	0.745377	0.758653			0.328483	0.822664	0.830761			0.563568	0.771772	0.77058			0.451542	0.846033	0.867541			0.499551	0.804644	0.818486			0.37022	0.871685	0.876822			
0.547807	0.696053	0.69193			0.446742	0.778885	0.799013			0.446005	0.745377	0.758653			0.325658	0.822664	0.830761			0.549488	0.648368	0.705072			0.45474	0.783657	0.817014			0.44507	0.7332	0.767157			0.323423	0.810431	0.834915			0.547807	0.696053	0.69193			0.446742	0.778885	0.799013			0.446005	0.745377	0.758653			0.325658	0.822664	0.830761			0.543692	0.771772	0.77058			0.446027	0.846033	0.867541			0.497041	0.804644	0.818486			0.360854	0.871685	0.876822			
0.547368	0.696053	0.69193			0.443531	0.778885	0.799013			0.441679	0.745377	0.758653			0.325152	0.822664	0.830761			0.54088	0.648368	0.705072			0.450829	0.783657	0.817014			0.439395	0.7332	0.767157			0.322562	0.810431	0.834915			0.547368	0.696053	0.69193			0.443531	0.778885	0.799013			0.441679	0.745377	0.758653			0.325152	0.822664	0.830761			0.535913	0.771772	0.77058			0.439296	0.846033	0.867541			0.488572	0.804644	0.818486			0.360854	0.871685	0.876822			
0.545702	0.696053	0.69193			0.440774	0.778885	0.799013			0.441619	0.745377	0.758653			0.324098	0.822664	0.830761			0.5392	0.648368	0.705072			0.450829	0.783657	0.817014			0.439395	0.7332	0.767157			0.320338	0.810431	0.834915			0.545702	0.696053	0.69193			0.440774	0.778885	0.799013			0.441619	0.745377	0.758653			0.324098	0.822664	0.830761			0.535913	0.771772	0.77058			0.431654	0.846033	0.867541			0.48719	0.804644	0.818486			0.357473	0.871685	0.876822			
0.543333	0.696053	0.69193			0.435448	0.778885	0.799013			0.441619	0.745377	0.758653			0.322832	0.822664	0.830761			0.537584	0.648368	0.705072			0.445597	0.783657	0.817014			0.438714	0.7332	0.767157			0.318946	0.810431	0.834915			0.543333	0.696053	0.69193			0.435448	0.778885	0.799013			0.441619	0.745377	0.758653			0.322832	0.822664	0.830761			0.531362	0.771772	0.77058			0.431654	0.846033	0.867541			0.482599	0.804644	0.818486			0.355961	0.871685	0.876822			
0.543333	0.696053	0.69193			0.435166	0.778885	0.799013			0.441145	0.745377	0.758653			0.322495	0.822664	0.830761			0.534032	0.648368	0.705072			0.449189	0.783657	0.817014			0.436314	0.7332	0.767157			0.318215	0.810431	0.834915			0.543333	0.696053	0.69193			0.435166	0.778885	0.799013			0.441145	0.745377	0.758653			0.322495	0.822664	0.830761			0.53115	0.771772	0.77058			0.431654	0.846033	0.867541			0.480799	0.804644	0.818486			0.355152	0.871685	0.876822			
0.543246	0.696053	0.69193			0.435025	0.778885	0.799013			0.440671	0.745377	0.758653			0.322453	0.822664	0.830761			0.532928	0.648368	0.705072			0.447863	0.783657	0.817014			0.436314	0.7332	0.767157			0.316662	0.810431	0.834915			0.543246	0.696053	0.69193			0.435025	0.778885	0.799013			0.440671	0.745377	0.758653			0.322453	0.822664	0.830761			0.529582	0.771772	0.77058			0.430146	0.846033	0.867541			0.479477	0.804644	0.818486			0.353391	0.871685	0.876822			
0.542544	0.696053	0.69193			0.435025	0.778885	0.799013			0.440552	0.745377	0.758653			0.322242	0.822664	0.830761			0.530672	0.648368	0.705072			0.439323	0.783657	0.817014			0.43293	0.7332	0.767157			0.315308	0.810431	0.834915			0.542544	0.696053	0.69193			0.435025	0.778885	0.799013			0.440552	0.745377	0.758653			0.322242	0.822664	0.830761			0.529507	0.771772	0.77058			0.429973	0.846033	0.867541			0.477332	0.804644	0.818486			0.353391	0.871685	0.876822			
0.540877	0.696053	0.69193			0.433302	0.778885	0.799013			0.440197	0.745377	0.758653			0.321694	0.822664	0.830761			0.530272	0.648368	0.705072			0.435523	0.783657	0.817014			0.432811	0.7332	0.767157			0.314915	0.810431	0.834915			0.540877	0.696053	0.69193			0.433302	0.778885	0.799013			0.440197	0.745377	0.758653			0.321694	0.822664	0.830761			0.530461	0.771772	0.77058			0.428414	0.846033	0.867541			0.477332	0.804644	0.818486			0.351585	0.871685	0.876822			
0.54	0.696053	0.69193			0.433239	0.778885	0.799013			0.439604	0.745377	0.758653			0.322073	0.822664	0.830761			0.529776	0.648368	0.705072			0.435523	0.783657	0.817014			0.432659	0.7332	0.767157			0.314915	0.810431	0.834915			0.54	0.696053	0.69193			0.433239	0.778885	0.799013			0.439604	0.745377	0.758653			0.322073	0.822664	0.830761			0.528182	0.771772	0.77058			0.428515	0.846033	0.867541			0.476428	0.804644	0.818486			0.351718	0.871685	0.876822			
0.54	0.696053	0.69193			0.433239	0.778885	0.799013			0.438834	0.745377	0.758653			0.321356	0.822664	0.830761			0.528864	0.648368	0.705072			0.435357	0.783657	0.817014			0.431968	0.7332	0.767157			0.3145	0.810431	0.834915			0.54	0.696053	0.69193			0.433239	0.778885	0.799013			0.438834	0.745377	0.758653			0.321356	0.822664	0.830761			0.528182	0.771772	0.77058			0.428567	0.846033	0.867541			0.475223	0.804644	0.818486			0.350553	0.871685	0.876822			
0.539825	0.696053	0.69193			0.433239	0.778885	0.799013			0.438596	0.745377	0.758653			0.321356	0.822664	0.830761			0.528864	0.648368	0.705072			0.434451	0.783657	0.817014			0.431968	0.7332	0.767157			0.3145	0.810431	0.834915			0.539825	0.696053	0.69193			0.433239	0.778885	0.799013			0.438596	0.745377	0.758653			0.321356	0.822664	0.830761			0.527492	0.771772	0.77058			0.427382	0.846033	0.867541			0.474972	0.804644	0.818486			0.349722	0.871685	0.876822			
0.539825	0.696053	0.69193			0.432628	0.778885	0.799013			0.438596	0.745377	0.758653			0.321314	0.822664	0.830761			0.528384	0.648368	0.705072			0.433623	0.783657	0.817014			0.4316	0.7332	0.767157			0.314362	0.810431	0.834915			0.539825	0.696053	0.69193			0.432628	0.778885	0.799013			0.438596	0.745377	0.758653			0.321314	0.822664	0.830761			0.527129	0.771772	0.77058			0.427045	0.846033	0.867541			0.474952	0.804644	0.818486			0.349686	0.871685	0.876822			
0.539737	0.696053	0.69193			0.432581	0.778885	0.799013			0.438537	0.745377	0.758653			0.321272	0.822664	0.830761			0.528368	0.648368	0.705072			0.43362	0.783657	0.817014			0.4316	0.7332	0.767157			0.314362	0.810431	0.834915			0.539737	0.696053	0.69193			0.432581	0.778885	0.799013			0.438537	0.745377	0.758653			0.321272	0.822664	0.830761			0.526928	0.771772	0.77058			0.427026	0.846033	0.867541			0.474952	0.804644	0.818486			0.349517	0.871685	0.876822			
0.539737	0.696053	0.69193			0.432581	0.778885	0.799013			0.438537	0.745377	0.758653			0.321272	0.822664	0.830761			0.528368	0.648368	0.705072			0.43362	0.783657	0.817014			0.4316	0.7332	0.767157			0.314362	0.810431	0.834915			0.539737	0.696053	0.69193			0.432581	0.778885	0.799013			0.438537	0.745377	0.758653			0.321272	0.822664	0.830761			0.526928	0.771772	0.77058			0.427026	0.846033	0.867541			0.474952	0.804644	0.818486			0.349517	0.871685	0.876822			
