0.695207	0.698282	0.695207			0.79039	0.764122	0.79039			0.753753	0.742284	0.753753			0.833181	0.824737	0.833181			0.710046	0.648881	0.710046			0.787461	0.760417	0.787461			0.761518	0.720507	0.761518			0.838897	0.813445	0.838897			0.695105	0.698282	0.695105			0.771053	0.7399	0.771053			0.757865	0.745953	0.757865			0.831536	0.818626	0.831536			0.887602	0.888534	0.887602			0.929755	0.859599	0.929755			0.909099	0.884345	0.909099			0.935422	0.918593	0.935422			
0.520039	0.698282	0.695207			0.455926	0.764122	0.79039			0.449032	0.742284	0.753753			0.328825	0.824737	0.833181			0.51335	0.648881	0.710046			0.472591	0.760417	0.787461			0.452295	0.720507	0.761518			0.332548	0.813445	0.838897			0.520179	0.698282	0.695105			0.469802	0.7399	0.771053			0.442075	0.745953	0.757865			0.332538	0.818626	0.831536			0.455008	0.888534	0.887602			0.452559	0.859599	0.929755			0.451613	0.884345	0.909099			0.412106	0.918593	0.935422			
0.695207	0.698282	0.695207			0.767782	0.764122	0.79039			0.718968	0.742284	0.753753			0.771589	0.824737	0.833181			0.702501	0.648881	0.710046			0.7733	0.760417	0.787461			0.728052	0.720507	0.761518			0.778144	0.813445	0.838897			0.695105	0.698282	0.695105			0.746599	0.7399	0.771053			0.727302	0.745953	0.757865			0.77422	0.818626	0.831536			0.887602	0.888534	0.887602			0.907617	0.859599	0.929755			0.878398	0.884345	0.909099			0.874659	0.918593	0.935422			
0.6848	0.698282	0.695207			0.743328	0.764122	0.79039			0.682906	0.742284	0.753753			0.70602	0.824737	0.833181			0.700361	0.648881	0.710046			0.742207	0.760417	0.787461			0.691233	0.720507	0.761518			0.71435	0.813445	0.838897			0.68264	0.698282	0.695105			0.715102	0.7399	0.771053			0.690995	0.745953	0.757865			0.712329	0.818626	0.831536			0.86789	0.888534	0.887602			0.882124	0.859599	0.929755			0.835178	0.884345	0.909099			0.812862	0.918593	0.935422			
0.675816	0.698282	0.695207			0.714746	0.764122	0.79039			0.656527	0.742284	0.753753			0.65216	0.824737	0.833181			0.690197	0.648881	0.710046			0.722794	0.760417	0.787461			0.66311	0.720507	0.761518			0.653218	0.813445	0.838897			0.675155	0.698282	0.695105			0.687786	0.7399	0.771053			0.6564	0.745953	0.757865			0.654994	0.818626	0.831536			0.851651	0.888534	0.887602			0.863033	0.859599	0.929755			0.797798	0.884345	0.909099			0.758453	0.918593	0.935422			
0.66025	0.698282	0.695207			0.700225	0.764122	0.79039			0.625637	0.742284	0.753753			0.598156	0.824737	0.833181			0.679943	0.648881	0.710046			0.703897	0.760417	0.787461			0.629456	0.720507	0.761518			0.592196	0.813445	0.838897			0.659665	0.698282	0.695105			0.676303	0.7399	0.771053			0.622331	0.745953	0.757865			0.596075	0.818626	0.831536			0.828519	0.888534	0.887602			0.85154	0.859599	0.929755			0.775563	0.884345	0.909099			0.699113	0.918593	0.935422			
0.65321	0.698282	0.695207			0.681635	0.764122	0.79039			0.604667	0.742284	0.753753			0.547877	0.824737	0.833181			0.670032	0.648881	0.710046			0.688456	0.760417	0.787461			0.607179	0.720507	0.761518			0.540139	0.813445	0.838897			0.651266	0.698282	0.695105			0.656813	0.7399	0.771053			0.595463	0.745953	0.757865			0.53935	0.818626	0.831536			0.814017	0.888534	0.887602			0.832869	0.859599	0.929755			0.76479	0.884345	0.909099			0.651415	0.918593	0.935422			
0.649563	0.698282	0.695207			0.670893	0.764122	0.79039			0.584312	0.742284	0.753753			0.500475	0.824737	0.833181			0.658954	0.648881	0.710046			0.666021	0.760417	0.787461			0.592016	0.720507	0.761518			0.492081	0.813445	0.838897			0.647187	0.698282	0.695105			0.640803	0.7399	0.771053			0.576232	0.745953	0.757865			0.487691	0.818626	0.831536			0.802727	0.888534	0.887602			0.811214	0.859599	0.929755			0.75584	0.884345	0.909099			0.643794	0.918593	0.935422			
0.643946	0.698282	0.695207			0.656421	0.764122	0.79039			0.565634	0.742284	0.753753			0.456183	0.824737	0.833181			0.651782	0.648881	0.710046			0.655372	0.760417	0.787461			0.575285	0.720507	0.761518			0.448803	0.813445	0.838897			0.63908	0.698282	0.695105			0.630527	0.7399	0.771053			0.560679	0.745953	0.757865			0.449611	0.818626	0.831536			0.798985	0.888534	0.887602			0.790428	0.859599	0.929755			0.751626	0.884345	0.909099			0.642956	0.918593	0.935422			
0.640744	0.698282	0.695207			0.642339	0.764122	0.79039			0.559773	0.742284	0.753753			0.410168	0.824737	0.833181			0.645947	0.648881	0.710046			0.640832	0.760417	0.787461			0.563632	0.720507	0.761518			0.411922	0.813445	0.838897			0.636894	0.698282	0.695105			0.618391	0.7399	0.771053			0.540868	0.745953	0.757865			0.408267	0.818626	0.831536			0.785155	0.888534	0.887602			0.777829	0.859599	0.929755			0.750569	0.884345	0.909099			0.624405	0.918593	0.935422			
0.638406	0.698282	0.695207			0.617444	0.764122	0.79039			0.542235	0.742284	0.753753			0.374684	0.824737	0.833181			0.635106	0.648881	0.710046			0.626632	0.760417	0.787461			0.541444	0.720507	0.761518			0.378148	0.813445	0.838897			0.635992	0.698282	0.695105			0.609805	0.7399	0.771053			0.52535	0.745953	0.757865			0.373972	0.818626	0.831536			0.784135	0.888534	0.887602			0.751852	0.859599	0.929755			0.741827	0.884345	0.909099			0.618394	0.918593	0.935422			
0.636386	0.698282	0.695207			0.602327	0.764122	0.79039			0.522026	0.742284	0.753753			0.372734	0.824737	0.833181			0.631343	0.648881	0.710046			0.61971	0.760417	0.787461			0.523616	0.720507	0.761518			0.376078	0.813445	0.838897			0.630591	0.698282	0.695105			0.59977	0.7399	0.771053			0.505956	0.745953	0.757865			0.371885	0.818626	0.831536			0.781499	0.888534	0.887602			0.734223	0.859599	0.929755			0.726831	0.884345	0.909099			0.604274	0.918593	0.935422			
0.629587	0.698282	0.695207			0.59254	0.764122	0.79039			0.510032	0.742284	0.753753			0.371347	0.824737	0.833181			0.625564	0.648881	0.710046			0.606407	0.760417	0.787461			0.514509	0.720507	0.761518			0.373758	0.813445	0.838897			0.625152	0.698282	0.695105			0.585332	0.7399	0.771053			0.49428	0.745953	0.757865			0.368859	0.818626	0.831536			0.770309	0.888534	0.887602			0.72208	0.859599	0.929755			0.721742	0.884345	0.909099			0.603245	0.918593	0.935422			
0.624263	0.698282	0.695207			0.584054	0.764122	0.79039			0.509045	0.742284	0.753753			0.365409	0.824737	0.833181			0.624775	0.648881	0.710046			0.588923	0.760417	0.787461			0.507628	0.720507	0.761518			0.372061	0.813445	0.838897			0.615622	0.698282	0.695105			0.575052	0.7399	0.771053			0.492096	0.745953	0.757865			0.36563	0.818626	0.831536			0.756354	0.888534	0.887602			0.720688	0.859599	0.929755			0.705387	0.884345	0.909099			0.602429	0.918593	0.935422			
0.618875	0.698282	0.695207			0.572466	0.764122	0.79039			0.505077	0.742284	0.753753			0.36404	0.824737	0.833181			0.615298	0.648881	0.710046			0.575809	0.760417	0.787461			0.502973	0.720507	0.761518			0.368511	0.813445	0.838897			0.602127	0.698282	0.695105			0.561367	0.7399	0.771053			0.489995	0.745953	0.757865			0.365367	0.818626	0.831536			0.747931	0.888534	0.887602			0.706121	0.859599	0.929755			0.703874	0.884345	0.909099			0.580913	0.918593	0.935422			
0.613894	0.698282	0.695207			0.562916	0.764122	0.79039			0.503311	0.742284	0.753753			0.36108	0.824737	0.833181			0.608154	0.648881	0.710046			0.567419	0.760417	0.787461			0.49774	0.720507	0.761518			0.366233	0.813445	0.838897			0.596066	0.698282	0.695105			0.552849	0.7399	0.771053			0.487549	0.745953	0.757865			0.363268	0.818626	0.831536			0.739857	0.888534	0.887602			0.697638	0.859599	0.929755			0.685108	0.884345	0.909099			0.548118	0.918593	0.935422			
0.606778	0.698282	0.695207			0.551917	0.764122	0.79039			0.503157	0.742284	0.753753			0.360338	0.824737	0.833181			0.604587	0.648881	0.710046			0.557883	0.760417	0.787461			0.496065	0.720507	0.761518			0.365042	0.813445	0.838897			0.59477	0.698282	0.695105			0.544219	0.7399	0.771053			0.485937	0.745953	0.757865			0.362742	0.818626	0.831536			0.716874	0.888534	0.887602			0.689839	0.859599	0.929755			0.675759	0.884345	0.909099			0.541036	0.918593	0.935422			
0.60416	0.698282	0.695207			0.547854	0.764122	0.79039			0.498193	0.742284	0.753753			0.360231	0.824737	0.833181			0.593161	0.648881	0.710046			0.54983	0.760417	0.787461			0.491472	0.720507	0.761518			0.359937	0.813445	0.838897			0.587145	0.698282	0.695105			0.536893	0.7399	0.771053			0.484116	0.745953	0.757865			0.361642	0.818626	0.831536			0.711493	0.888534	0.887602			0.689957	0.859599	0.929755			0.657516	0.884345	0.909099			0.538594	0.918593	0.935422			
0.599293	0.698282	0.695207			0.535556	0.764122	0.79039			0.494071	0.742284	0.753753			0.358132	0.824737	0.833181			0.592529	0.648881	0.710046			0.543388	0.760417	0.787461			0.4907	0.720507	0.761518			0.359112	0.813445	0.838897			0.586002	0.698282	0.695105			0.528301	0.7399	0.771053			0.480375	0.745953	0.757865			0.360159	0.818626	0.831536			0.703568	0.888534	0.887602			0.688051	0.859599	0.929755			0.649163	0.884345	0.909099			0.535684	0.918593	0.935422			
0.590602	0.698282	0.695207			0.526783	0.764122	0.79039			0.489959	0.742284	0.753753			0.356266	0.824737	0.833181			0.5873	0.648881	0.710046			0.530972	0.760417	0.787461			0.489692	0.720507	0.761518			0.355168	0.813445	0.838897			0.580995	0.698282	0.695105			0.524508	0.7399	0.771053			0.47821	0.745953	0.757865			0.358203	0.818626	0.831536			0.696077	0.888534	0.887602			0.663402	0.859599	0.929755			0.646316	0.884345	0.909099			0.513388	0.918593	0.935422			
0.58928	0.698282	0.695207			0.522485	0.764122	0.79039			0.488056	0.742284	0.753753			0.352224	0.824737	0.833181			0.580722	0.648881	0.710046			0.517003	0.760417	0.787461			0.485845	0.720507	0.761518			0.35249	0.813445	0.838897			0.5782	0.698282	0.695105			0.515078	0.7399	0.771053			0.477856	0.745953	0.757865			0.35736	0.818626	0.831536			0.680958	0.888534	0.887602			0.656657	0.859599	0.929755			0.637609	0.884345	0.909099			0.511936	0.918593	0.935422			
0.586497	0.698282	0.695207			0.513663	0.764122	0.79039			0.485737	0.742284	0.753753			0.351667	0.824737	0.833181			0.573446	0.648881	0.710046			0.506742	0.760417	0.787461			0.483178	0.720507	0.761518			0.351395	0.813445	0.838897			0.569508	0.698282	0.695105			0.509236	0.7399	0.771053			0.475963	0.745953	0.757865			0.355728	0.818626	0.831536			0.680958	0.888534	0.887602			0.655147	0.859599	0.929755			0.630266	0.884345	0.909099			0.511403	0.918593	0.935422			
0.583105	0.698282	0.695207			0.508136	0.764122	0.79039			0.4809	0.742284	0.753753			0.351351	0.824737	0.833181			0.563438	0.648881	0.710046			0.502044	0.760417	0.787461			0.480995	0.720507	0.761518			0.350617	0.813445	0.838897			0.566458	0.698282	0.695105			0.502617	0.7399	0.771053			0.473617	0.745953	0.757865			0.355196	0.818626	0.831536			0.663969	0.888534	0.887602			0.651526	0.859599	0.929755			0.628113	0.884345	0.909099			0.505603	0.918593	0.935422			
0.574464	0.698282	0.695207			0.506872	0.764122	0.79039			0.4784	0.742284	0.753753			0.348815	0.824737	0.833181			0.561198	0.648881	0.710046			0.498118	0.760417	0.787461			0.475803	0.720507	0.761518			0.348429	0.813445	0.838897			0.566611	0.698282	0.695105			0.501889	0.7399	0.771053			0.47214	0.745953	0.757865			0.354574	0.818626	0.831536			0.663249	0.888534	0.887602			0.637523	0.859599	0.929755			0.617987	0.884345	0.909099			0.504307	0.918593	0.935422			
0.571897	0.698282	0.695207			0.504643	0.764122	0.79039			0.477603	0.742284	0.753753			0.348391	0.824737	0.833181			0.557883	0.648881	0.710046			0.497745	0.760417	0.787461			0.472216	0.720507	0.761518			0.347622	0.813445	0.838897			0.563345	0.698282	0.695105			0.495809	0.7399	0.771053			0.471271	0.745953	0.757865			0.353766	0.818626	0.831536			0.653688	0.888534	0.887602			0.620632	0.859599	0.929755			0.603839	0.884345	0.909099			0.502527	0.918593	0.935422			
0.568415	0.698282	0.695207			0.500672	0.764122	0.79039			0.477494	0.742284	0.753753			0.348295	0.824737	0.833181			0.556844	0.648881	0.710046			0.492812	0.760417	0.787461			0.470128	0.720507	0.761518			0.347216	0.813445	0.838897			0.561185	0.698282	0.695105			0.490546	0.7399	0.771053			0.469686	0.745953	0.757865			0.352313	0.818626	0.831536			0.650235	0.888534	0.887602			0.6202	0.859599	0.929755			0.583597	0.884345	0.909099			0.481436	0.918593	0.935422			
0.566928	0.698282	0.695207			0.495437	0.764122	0.79039			0.476597	0.742284	0.753753			0.345006	0.824737	0.833181			0.554822	0.648881	0.710046			0.489663	0.760417	0.787461			0.469491	0.720507	0.761518			0.345023	0.813445	0.838897			0.557754	0.698282	0.695105			0.490096	0.7399	0.771053			0.463997	0.745953	0.757865			0.350107	0.818626	0.831536			0.644203	0.888534	0.887602			0.62201	0.859599	0.929755			0.583155	0.884345	0.909099			0.480995	0.918593	0.935422			
0.561007	0.698282	0.695207			0.492702	0.764122	0.79039			0.475764	0.742284	0.753753			0.344282	0.824737	0.833181			0.554722	0.648881	0.710046			0.489696	0.760417	0.787461			0.467506	0.720507	0.761518			0.342364	0.813445	0.838897			0.554259	0.698282	0.695105			0.489702	0.7399	0.771053			0.463055	0.745953	0.757865			0.349305	0.818626	0.831536			0.637175	0.888534	0.887602			0.617725	0.859599	0.929755			0.584749	0.884345	0.909099			0.477915	0.918593	0.935422			
0.5598	0.698282	0.695207			0.488529	0.764122	0.79039			0.475148	0.742284	0.753753			0.341185	0.824737	0.833181			0.554337	0.648881	0.710046			0.486639	0.760417	0.787461			0.465492	0.720507	0.761518			0.342239	0.813445	0.838897			0.553472	0.698282	0.695105			0.486967	0.7399	0.771053			0.46127	0.745953	0.757865			0.348181	0.818626	0.831536			0.632261	0.888534	0.887602			0.603247	0.859599	0.929755			0.56756	0.884345	0.909099			0.477535	0.918593	0.935422			
0.557728	0.698282	0.695207			0.484585	0.764122	0.79039			0.473146	0.742284	0.753753			0.340294	0.824737	0.833181			0.552471	0.648881	0.710046			0.486161	0.760417	0.787461			0.465658	0.720507	0.761518			0.341693	0.813445	0.838897			0.552048	0.698282	0.695105			0.485312	0.7399	0.771053			0.460328	0.745953	0.757865			0.348181	0.818626	0.831536			0.614481	0.888534	0.887602			0.608423	0.859599	0.929755			0.565929	0.884345	0.909099			0.477518	0.918593	0.935422			
0.553332	0.698282	0.695207			0.482972	0.764122	0.79039			0.470718	0.742284	0.753753			0.339804	0.824737	0.833181			0.552125	0.648881	0.710046			0.484838	0.760417	0.787461			0.465006	0.720507	0.761518			0.341224	0.813445	0.838897			0.551451	0.698282	0.695105			0.485114	0.7399	0.771053			0.460183	0.745953	0.757865			0.347236	0.818626	0.831536			0.608885	0.888534	0.887602			0.60316	0.859599	0.929755			0.556839	0.884345	0.909099			0.476541	0.918593	0.935422			
0.55304	0.698282	0.695207			0.481783	0.764122	0.79039			0.470293	0.742284	0.753753			0.33835	0.824737	0.833181			0.550475	0.648881	0.710046			0.483953	0.760417	0.787461			0.464954	0.720507	0.761518			0.341224	0.813445	0.838897			0.54952	0.698282	0.695105			0.482201	0.7399	0.771053			0.459006	0.745953	0.757865			0.344874	0.818626	0.831536			0.603646	0.888534	0.887602			0.579037	0.859599	0.929755			0.553081	0.884345	0.909099			0.476541	0.918593	0.935422			
0.551362	0.698282	0.695207			0.47932	0.764122	0.79039			0.46916	0.742284	0.753753			0.337459	0.824737	0.833181			0.543704	0.648881	0.710046			0.483134	0.760417	0.787461			0.464693	0.720507	0.761518			0.341224	0.813445	0.838897			0.548694	0.698282	0.695105			0.482076	0.7399	0.771053			0.456524	0.745953	0.757865			0.342829	0.818626	0.831536			0.603646	0.888534	0.887602			0.57227	0.859599	0.929755			0.55297	0.884345	0.909099			0.473036	0.918593	0.935422			
0.550956	0.698282	0.695207			0.476829	0.764122	0.79039			0.468734	0.742284	0.753753			0.336861	0.824737	0.833181			0.542003	0.648881	0.710046			0.482919	0.760417	0.787461			0.464711	0.720507	0.761518			0.340158	0.813445	0.838897			0.548694	0.698282	0.695105			0.481966	0.7399	0.771053			0.456496	0.745953	0.757865			0.341741	0.818626	0.831536			0.60321	0.888534	0.887602			0.571859	0.859599	0.929755			0.552105	0.884345	0.909099			0.472912	0.918593	0.935422			
0.550219	0.698282	0.695207			0.474401	0.764122	0.79039			0.467593	0.742284	0.753753			0.336814	0.824737	0.833181			0.539677	0.648881	0.710046			0.4824	0.760417	0.787461			0.464321	0.720507	0.761518			0.339868	0.813445	0.838897			0.547626	0.698282	0.695105			0.481078	0.7399	0.771053			0.455636	0.745953	0.757865			0.3414	0.818626	0.831536			0.594091	0.888534	0.887602			0.567555	0.859599	0.929755			0.552094	0.884345	0.909099			0.45996	0.918593	0.935422			
0.549837	0.698282	0.695207			0.472888	0.764122	0.79039			0.466751	0.742284	0.753753			0.33664	0.824737	0.833181			0.538238	0.648881	0.710046			0.4824	0.760417	0.787461			0.463482	0.720507	0.761518			0.339578	0.813445	0.838897			0.547093	0.698282	0.695105			0.479716	0.7399	0.771053			0.455491	0.745953	0.757865			0.340802	0.818626	0.831536			0.57067	0.888534	0.887602			0.554886	0.859599	0.929755			0.548445	0.884345	0.909099			0.459725	0.918593	0.935422			
0.549367	0.698282	0.695207			0.472033	0.764122	0.79039			0.466307	0.742284	0.753753			0.336329	0.824737	0.833181			0.538071	0.648881	0.710046			0.482005	0.760417	0.787461			0.463265	0.720507	0.761518			0.338529	0.813445	0.838897			0.546356	0.698282	0.695105			0.479709	0.7399	0.771053			0.454232	0.745953	0.757865			0.340766	0.818626	0.831536			0.554379	0.888534	0.887602			0.549571	0.859599	0.929755			0.548378	0.884345	0.909099			0.457719	0.918593	0.935422			
0.547817	0.698282	0.695207			0.471956	0.764122	0.79039			0.466243	0.742284	0.753753			0.335988	0.824737	0.833181			0.536136	0.648881	0.710046			0.480018	0.760417	0.787461			0.462688	0.720507	0.761518			0.338334	0.813445	0.838897			0.544577	0.698282	0.695105			0.479709	0.7399	0.771053			0.454286	0.745953	0.757865			0.340766	0.818626	0.831536			0.550665	0.888534	0.887602			0.543717	0.859599	0.929755			0.549814	0.884345	0.909099			0.445249	0.918593	0.935422			
0.545746	0.698282	0.695207			0.468794	0.764122	0.79039			0.465917	0.742284	0.753753			0.335283	0.824737	0.833181			0.535885	0.648881	0.710046			0.479932	0.760417	0.787461			0.461812	0.720507	0.761518			0.338105	0.813445	0.838897			0.544234	0.698282	0.695105			0.47814	0.7399	0.771053			0.452094	0.745953	0.757865			0.339702	0.818626	0.831536			0.541809	0.888534	0.887602			0.543846	0.859599	0.929755			0.545176	0.884345	0.909099			0.445184	0.918593	0.935422			
0.543814	0.698282	0.695207			0.467493	0.764122	0.79039			0.464767	0.742284	0.753753			0.335175	0.824737	0.833181			0.533905	0.648881	0.710046			0.479369	0.760417	0.787461			0.460762	0.720507	0.761518			0.337831	0.813445	0.838897			0.541273	0.698282	0.695105			0.476953	0.7399	0.771053			0.451849	0.745953	0.757865			0.338799	0.818626	0.831536			0.537488	0.888534	0.887602			0.528742	0.859599	0.929755			0.529058	0.884345	0.909099			0.445046	0.918593	0.935422			
0.542658	0.698282	0.695207			0.4669	0.764122	0.79039			0.464631	0.742284	0.753753			0.334918	0.824737	0.833181			0.532965	0.648881	0.710046			0.479231	0.760417	0.787461			0.460441	0.720507	0.761518			0.337238	0.813445	0.838897			0.539214	0.698282	0.695105			0.477322	0.7399	0.771053			0.45059	0.745953	0.757865			0.33853	0.818626	0.831536			0.534466	0.888534	0.887602			0.530735	0.859599	0.929755			0.528723	0.884345	0.909099			0.444368	0.918593	0.935422			
0.541921	0.698282	0.695207			0.466885	0.764122	0.79039			0.463182	0.742284	0.753753			0.334727	0.824737	0.833181			0.533163	0.648881	0.710046			0.479078	0.760417	0.787461			0.460441	0.720507	0.761518			0.337097	0.813445	0.838897			0.535427	0.698282	0.695105			0.478345	0.7399	0.771053			0.450318	0.745953	0.757865			0.33838	0.818626	0.831536			0.534417	0.888534	0.887602			0.527679	0.859599	0.929755			0.525814	0.884345	0.909099			0.443453	0.918593	0.935422			
0.541095	0.698282	0.695207			0.467192	0.764122	0.79039			0.462194	0.742284	0.753753			0.334362	0.824737	0.833181			0.531916	0.648881	0.710046			0.478387	0.760417	0.787461			0.459555	0.720507	0.761518			0.336907	0.813445	0.838897			0.535427	0.698282	0.695105			0.477253	0.7399	0.771053			0.44944	0.745953	0.757865			0.337567	0.818626	0.831536			0.525996	0.888534	0.887602			0.508552	0.859599	0.929755			0.525345	0.884345	0.909099			0.44236	0.918593	0.935422			
0.538909	0.698282	0.695207			0.467039	0.764122	0.79039			0.461832	0.742284	0.753753			0.33432	0.824737	0.833181			0.530565	0.648881	0.710046			0.478449	0.760417	0.787461			0.459706	0.720507	0.761518			0.336714	0.813445	0.838897			0.531577	0.698282	0.695105			0.477603	0.7399	0.771053			0.449295	0.745953	0.757865			0.337388	0.818626	0.831536			0.525996	0.888534	0.887602			0.504485	0.859599	0.929755			0.518926	0.884345	0.909099			0.447208	0.918593	0.935422			
0.536076	0.698282	0.695207			0.465028	0.764122	0.79039			0.459205	0.742284	0.753753			0.334254	0.824737	0.833181			0.529017	0.648881	0.710046			0.478069	0.760417	0.787461			0.459936	0.720507	0.761518			0.336198	0.813445	0.838897			0.529137	0.698282	0.695105			0.476939	0.7399	0.771053			0.449231	0.745953	0.757865			0.33612	0.818626	0.831536			0.522152	0.888534	0.887602			0.502313	0.859599	0.929755			0.525976	0.884345	0.909099			0.446691	0.918593	0.935422			
0.531425	0.698282	0.695207			0.464499	0.764122	0.79039			0.458154	0.742284	0.753753			0.333333	0.824737	0.833181			0.527042	0.648881	0.710046			0.477047	0.760417	0.787461			0.460315	0.720507	0.761518			0.335852	0.813445	0.838897			0.529061	0.698282	0.695105			0.475858	0.7399	0.771053			0.449086	0.745953	0.757865			0.335767	0.818626	0.831536			0.522152	0.888534	0.887602			0.49413	0.859599	0.929755			0.526009	0.884345	0.909099			0.457279	0.918593	0.935422			
0.530116	0.698282	0.695207			0.463627	0.764122	0.79039			0.458073	0.742284	0.753753			0.333088	0.824737	0.833181			0.52557	0.648881	0.710046			0.476754	0.760417	0.787461			0.460284	0.720507	0.761518			0.334873	0.813445	0.838897			0.528896	0.698282	0.695105			0.475517	0.7399	0.771053			0.448063	0.745953	0.757865			0.335665	0.818626	0.831536			0.511647	0.888534	0.887602			0.493038	0.859599	0.929755			0.519445	0.884345	0.909099			0.457271	0.918593	0.935422			
0.529658	0.698282	0.695207			0.460144	0.764122	0.79039			0.457891	0.742284	0.753753			0.332622	0.824737	0.833181			0.524405	0.648881	0.710046			0.476505	0.760417	0.787461			0.459038	0.720507	0.761518			0.334848	0.813445	0.838897			0.528642	0.698282	0.695105			0.475183	0.7399	0.771053			0.447909	0.745953	0.757865			0.335528	0.818626	0.831536			0.504522	0.888534	0.887602			0.48854	0.859599	0.929755			0.518401	0.884345	0.909099			0.456398	0.918593	0.935422			
0.529214	0.698282	0.695207			0.459501	0.764122	0.79039			0.457846	0.742284	0.753753			0.332066	0.824737	0.833181			0.523711	0.648881	0.710046			0.476672	0.760417	0.787461			0.45875	0.720507	0.761518			0.334842	0.813445	0.838897			0.527854	0.698282	0.695105			0.475089	0.7399	0.771053			0.445816	0.745953	0.757865			0.335366	0.818626	0.831536			0.504519	0.888534	0.887602			0.486396	0.859599	0.929755			0.505047	0.884345	0.909099			0.446887	0.918593	0.935422			
0.528197	0.698282	0.695207			0.459404	0.764122	0.79039			0.457284	0.742284	0.753753			0.331773	0.824737	0.833181			0.523674	0.648881	0.710046			0.476603	0.760417	0.787461			0.457597	0.720507	0.761518			0.334653	0.813445	0.838897			0.527549	0.698282	0.695105			0.474174	0.7399	0.771053			0.445599	0.745953	0.757865			0.334858	0.818626	0.831536			0.500199	0.888534	0.887602			0.479196	0.859599	0.929755			0.504004	0.884345	0.909099			0.43123	0.918593	0.935422			
0.526748	0.698282	0.695207			0.458685	0.764122	0.79039			0.455301	0.742284	0.753753			0.331653	0.824737	0.833181			0.523152	0.648881	0.710046			0.476429	0.760417	0.787461			0.457079	0.720507	0.761518			0.33442	0.813445	0.838897			0.52746	0.698282	0.695105			0.474121	0.7399	0.771053			0.445572	0.745953	0.757865			0.334846	0.818626	0.831536			0.493301	0.888534	0.887602			0.477799	0.859599	0.929755			0.484832	0.884345	0.909099			0.445395	0.918593	0.935422			
0.526609	0.698282	0.695207			0.458057	0.764122	0.79039			0.454793	0.742284	0.753753			0.3313	0.824737	0.833181			0.521866	0.648881	0.710046			0.476242	0.760417	0.787461			0.456862	0.720507	0.761518			0.334586	0.813445	0.838897			0.52605	0.698282	0.695105			0.473987	0.7399	0.771053			0.445572	0.745953	0.757865			0.33481	0.818626	0.831536			0.484807	0.888534	0.887602			0.476693	0.859599	0.929755			0.483778	0.884345	0.909099			0.450632	0.918593	0.935422			
0.525719	0.698282	0.695207			0.457703	0.764122	0.79039			0.453969	0.742284	0.753753			0.330929	0.824737	0.833181			0.520743	0.648881	0.710046			0.47597	0.760417	0.787461			0.455692	0.720507	0.761518			0.334431	0.813445	0.838897			0.525402	0.698282	0.695105			0.473923	0.7399	0.771053			0.445318	0.745953	0.757865			0.334428	0.818626	0.831536			0.479065	0.888534	0.887602			0.476432	0.859599	0.929755			0.483778	0.884345	0.909099			0.438507	0.918593	0.935422			
0.525135	0.698282	0.695207			0.457424	0.764122	0.79039			0.45367	0.742284	0.753753			0.330971	0.824737	0.833181			0.520641	0.648881	0.710046			0.476422	0.760417	0.787461			0.454739	0.720507	0.761518			0.334329	0.813445	0.838897			0.5253	0.698282	0.695105			0.473771	0.7399	0.771053			0.44482	0.745953	0.757865			0.334248	0.818626	0.831536			0.479065	0.888534	0.887602			0.473275	0.859599	0.929755			0.481579	0.884345	0.909099			0.457505	0.918593	0.935422			
0.524601	0.698282	0.695207			0.457424	0.764122	0.79039			0.453226	0.742284	0.753753			0.330828	0.824737	0.833181			0.519155	0.648881	0.710046			0.475795	0.760417	0.787461			0.45459	0.720507	0.761518			0.334173	0.813445	0.838897			0.524677	0.698282	0.695105			0.472724	0.7399	0.771053			0.444711	0.745953	0.757865			0.334033	0.818626	0.831536			0.471265	0.888534	0.887602			0.468003	0.859599	0.929755			0.481579	0.884345	0.909099			0.439882	0.918593	0.935422			
0.524067	0.698282	0.695207			0.456644	0.764122	0.79039			0.453244	0.742284	0.753753			0.330804	0.824737	0.833181			0.518909	0.648881	0.710046			0.475038	0.760417	0.787461			0.4539	0.720507	0.761518			0.334135	0.813445	0.838897			0.524271	0.698282	0.695105			0.472222	0.7399	0.771053			0.444249	0.745953	0.757865			0.334033	0.818626	0.831536			0.468389	0.888534	0.887602			0.468003	0.859599	0.929755			0.481108	0.884345	0.909099			0.424223	0.918593	0.935422			
0.523521	0.698282	0.695207			0.456616	0.764122	0.79039			0.452184	0.742284	0.753753			0.330134	0.824737	0.833181			0.518169	0.648881	0.710046			0.474887	0.760417	0.787461			0.453755	0.720507	0.761518			0.333952	0.813445	0.838897			0.524029	0.698282	0.695105			0.471595	0.7399	0.771053			0.443905	0.745953	0.757865			0.334033	0.818626	0.831536			0.468432	0.888534	0.887602			0.465898	0.859599	0.929755			0.47981	0.884345	0.909099			0.413675	0.918593	0.935422			
0.52314	0.698282	0.695207			0.456484	0.764122	0.79039			0.451596	0.742284	0.753753			0.329979	0.824737	0.833181			0.515801	0.648881	0.710046			0.474624	0.760417	0.787461			0.453755	0.720507	0.761518			0.333685	0.813445	0.838897			0.522708	0.698282	0.695105			0.471595	0.7399	0.771053			0.443461	0.745953	0.757865			0.333878	0.818626	0.831536			0.466756	0.888534	0.887602			0.463823	0.859599	0.929755			0.475704	0.884345	0.909099			0.413251	0.918593	0.935422			
0.522771	0.698282	0.695207			0.456414	0.764122	0.79039			0.450654	0.742284	0.753753			0.329722	0.824737	0.833181			0.514652	0.648881	0.710046			0.474538	0.760417	0.787461			0.453619	0.720507	0.761518			0.333638	0.813445	0.838897			0.522758	0.698282	0.695105			0.471383	0.7399	0.771053			0.44328	0.745953	0.757865			0.333638	0.818626	0.831536			0.466886	0.888534	0.887602			0.461441	0.859599	0.929755			0.47104	0.884345	0.909099			0.412803	0.918593	0.935422			
0.521958	0.698282	0.695207			0.456392	0.764122	0.79039			0.450019	0.742284	0.753753			0.3295	0.824737	0.833181			0.514692	0.648881	0.710046			0.473957	0.760417	0.787461			0.453109	0.720507	0.761518			0.333436	0.813445	0.838897			0.522352	0.698282	0.695105			0.47115	0.7399	0.771053			0.443144	0.745953	0.757865			0.333172	0.818626	0.831536			0.463095	0.888534	0.887602			0.457829	0.859599	0.929755			0.464223	0.884345	0.909099			0.413553	0.918593	0.935422			
0.521284	0.698282	0.695207			0.45626	0.764122	0.79039			0.449938	0.742284	0.753753			0.329446	0.824737	0.833181			0.514625	0.648881	0.710046			0.473681	0.760417	0.787461			0.4528	0.720507	0.761518			0.333412	0.813445	0.838897			0.5215	0.698282	0.695105			0.47115	0.7399	0.771053			0.44309	0.745953	0.757865			0.33313	0.818626	0.831536			0.461009	0.888534	0.887602			0.457758	0.859599	0.929755			0.464196	0.884345	0.909099			0.413414	0.918593	0.935422			
0.521284	0.698282	0.695207			0.456265	0.764122	0.79039			0.449875	0.742284	0.753753			0.329333	0.824737	0.833181			0.514434	0.648881	0.710046			0.473448	0.760417	0.787461			0.452813	0.720507	0.761518			0.333219	0.813445	0.838897			0.521373	0.698282	0.695105			0.470994	0.7399	0.771053			0.442954	0.745953	0.757865			0.333022	0.818626	0.831536			0.459161	0.888534	0.887602			0.456473	0.859599	0.929755			0.464026	0.884345	0.909099			0.413774	0.918593	0.935422			
0.52103	0.698282	0.695207			0.45625	0.764122	0.79039			0.449684	0.742284	0.753753			0.329171	0.824737	0.833181			0.514	0.648881	0.710046			0.473322	0.760417	0.787461			0.452722	0.720507	0.761518			0.333173	0.813445	0.838897			0.520573	0.698282	0.695105			0.470745	0.7399	0.771053			0.442918	0.745953	0.757865			0.332957	0.818626	0.831536			0.458249	0.888534	0.887602			0.454638	0.859599	0.929755			0.457877	0.884345	0.909099			0.412808	0.918593	0.935422			
0.520776	0.698282	0.695207			0.4562	0.764122	0.79039			0.449576	0.742284	0.753753			0.32907	0.824737	0.833181			0.513958	0.648881	0.710046			0.473178	0.760417	0.787461			0.452687	0.720507	0.761518			0.333044	0.813445	0.838897			0.520547	0.698282	0.695105			0.470275	0.7399	0.771053			0.442637	0.745953	0.757865			0.332933	0.818626	0.831536			0.458161	0.888534	0.887602			0.453999	0.859599	0.929755			0.45392	0.884345	0.909099			0.412749	0.918593	0.935422			
0.520687	0.698282	0.695207			0.456133	0.764122	0.79039			0.449385	0.742284	0.753753			0.32907	0.824737	0.833181			0.513868	0.648881	0.710046			0.472771	0.760417	0.787461			0.452621	0.720507	0.761518			0.332891	0.813445	0.838897			0.520408	0.698282	0.695105			0.470113	0.7399	0.771053			0.442283	0.745953	0.757865			0.332759	0.818626	0.831536			0.45705	0.888534	0.887602			0.453834	0.859599	0.929755			0.453889	0.884345	0.909099			0.413043	0.918593	0.935422			
0.520636	0.698282	0.695207			0.45609	0.764122	0.79039			0.449231	0.742284	0.753753			0.32901	0.824737	0.833181			0.513708	0.648881	0.710046			0.472697	0.760417	0.787461			0.452596	0.720507	0.761518			0.332834	0.813445	0.838897			0.520281	0.698282	0.695105			0.470053	0.7399	0.771053			0.442256	0.745953	0.757865			0.332646	0.818626	0.831536			0.456283	0.888534	0.887602			0.453834	0.859599	0.929755			0.453917	0.884345	0.909099			0.413043	0.918593	0.935422			
0.520357	0.698282	0.695207			0.455963	0.764122	0.79039			0.449231	0.742284	0.753753			0.328944	0.824737	0.833181			0.513608	0.648881	0.710046			0.472613	0.760417	0.787461			0.45256	0.720507	0.761518			0.332831	0.813445	0.838897			0.520395	0.698282	0.695105			0.470021	0.7399	0.771053			0.44222	0.745953	0.757865			0.332646	0.818626	0.831536			0.455195	0.888534	0.887602			0.453285	0.859599	0.929755			0.451698	0.884345	0.909099			0.412654	0.918593	0.935422			
0.520281	0.698282	0.695207			0.455956	0.764122	0.79039			0.449204	0.742284	0.753753			0.328837	0.824737	0.833181			0.513555	0.648881	0.710046			0.472608	0.760417	0.787461			0.452353	0.720507	0.761518			0.332626	0.813445	0.838897			0.520446	0.698282	0.695105			0.469857	0.7399	0.771053			0.442211	0.745953	0.757865			0.332634	0.818626	0.831536			0.455355	0.888534	0.887602			0.452845	0.859599	0.929755			0.451522	0.884345	0.909099			0.412525	0.918593	0.935422			
0.520281	0.698282	0.695207			0.455948	0.764122	0.79039			0.449204	0.742284	0.753753			0.328837	0.824737	0.833181			0.513504	0.648881	0.710046			0.472608	0.760417	0.787461			0.452353	0.720507	0.761518			0.332619	0.813445	0.838897			0.520446	0.698282	0.695105			0.469853	0.7399	0.771053			0.442193	0.745953	0.757865			0.332598	0.818626	0.831536			0.455199	0.888534	0.887602			0.452845	0.859599	0.929755			0.45186	0.884345	0.909099			0.41214	0.918593	0.935422			
0.52009	0.698282	0.695207			0.455928	0.764122	0.79039			0.449059	0.742284	0.753753			0.328837	0.824737	0.833181			0.51335	0.648881	0.710046			0.472608	0.760417	0.787461			0.452353	0.720507	0.761518			0.332622	0.813445	0.838897			0.520192	0.698282	0.695105			0.469834	0.7399	0.771053			0.442157	0.745953	0.757865			0.332538	0.818626	0.831536			0.455093	0.888534	0.887602			0.452691	0.859599	0.929755			0.451684	0.884345	0.909099			0.41214	0.918593	0.935422			
0.520039	0.698282	0.695207			0.455926	0.764122	0.79039			0.44905	0.742284	0.753753			0.328837	0.824737	0.833181			0.51335	0.648881	0.710046			0.4726	0.760417	0.787461			0.452317	0.720507	0.761518			0.332574	0.813445	0.838897			0.520192	0.698282	0.695105			0.469821	0.7399	0.771053			0.442075	0.745953	0.757865			0.332538	0.818626	0.831536			0.455047	0.888534	0.887602			0.452578	0.859599	0.929755			0.451626	0.884345	0.909099			0.412114	0.918593	0.935422			
0.520039	0.698282	0.695207			0.455926	0.764122	0.79039			0.44905	0.742284	0.753753			0.328831	0.824737	0.833181			0.51335	0.648881	0.710046			0.472591	0.760417	0.787461			0.452295	0.720507	0.761518			0.332574	0.813445	0.838897			0.520179	0.698282	0.695105			0.469802	0.7399	0.771053			0.442075	0.745953	0.757865			0.332538	0.818626	0.831536			0.455024	0.888534	0.887602			0.452559	0.859599	0.929755			0.451613	0.884345	0.909099			0.41211	0.918593	0.935422			
0.520039	0.698282	0.695207			0.455926	0.764122	0.79039			0.449032	0.742284	0.753753			0.328825	0.824737	0.833181			0.51335	0.648881	0.710046			0.472591	0.760417	0.787461			0.452295	0.720507	0.761518			0.332548	0.813445	0.838897			0.520179	0.698282	0.695105			0.469802	0.7399	0.771053			0.442075	0.745953	0.757865			0.332538	0.818626	0.831536			0.455008	0.888534	0.887602			0.452559	0.859599	0.929755			0.451613	0.884345	0.909099			0.412106	0.918593	0.935422			
0.520039	0.698282	0.695207			0.455926	0.764122	0.79039			0.449032	0.742284	0.753753			0.328825	0.824737	0.833181			0.51335	0.648881	0.710046			0.472591	0.760417	0.787461			0.452295	0.720507	0.761518			0.332548	0.813445	0.838897			0.520179	0.698282	0.695105			0.469802	0.7399	0.771053			0.442075	0.745953	0.757865			0.332538	0.818626	0.831536			0.455008	0.888534	0.887602			0.452559	0.859599	0.929755			0.451613	0.884345	0.909099			0.412106	0.918593	0.935422			
