0, 210, 420, 630, 840, 1010, 1180, 1350, 1520, 1690, 1860, 2030, 2200, 2370, 2540, 2710, 2880, 2916, 2952, 2988, 3024, 3060, 3092, 3128, 3156, 3184, 3212, 3232, 3260, 3284, 3308, 3332, 3344, 3352, 3356, 3360
0, 210, 420, 630, 840, 1010, 1180, 1350, 1520, 1690, 1860, 2030, 2200, 2370, 2540, 2710, 2880, 2916, 2952, 2988, 3024, 3060, 3096, 3128, 3160, 3188, 3216, 3244, 3272, 3300, 3316, 3332, 3344, 3352, 3356, 3360
0, 210, 420, 630, 840, 1010, 1180, 1350, 1520, 1690, 1860, 2030, 2200, 2370, 2540, 2710, 2880, 2916, 2952, 2988, 3024, 3060, 3092, 3128, 3156, 3184, 3212, 3232, 3260, 3284, 3308, 3332, 3344, 3352, 3356, 3360
1, 2, 3, 4, 5, 6, 7, 8, 9, 10, 11, 12, 13, 14, 15, 16, 17, 18, 19, 20, 21, 22, 23, 24, 25, 26, 27, 28, 29, 30, 31, 32, 33, 34, 35, 36

0, 124, 241.3, 351.9, 460, 554.7, 647.9, 733.8, 805.3, 880, 962.7, 1017.4, 1063.4, 1137.8, 1188.1, 1249, 1271.8, 1313.1, 1352.6, 1394.5, 1444.3, 1482.3, 1523.9, 1564.7, 1573.9, 1598.6, 1636.6, 1668.1, 1688.6, 1691.7, 1720.4, 1731.8, 1759.7, 1788.8, 1826.7, 1836.4
0, 124, 242.2, 356.2, 467.8, 568.9, 667.3, 763.3, 859, 954.3, 1048.8, 1143.2, 1236.2, 1327.8, 1417.4, 1506.2, 1592.1, 1615.1, 1634.7, 1653.8, 1672.8, 1691.7, 1709.4, 1726.7, 1742.3, 1756.9, 1771.2, 1784.9, 1796.9, 1808.5, 1815.7, 1822, 1828, 1832, 1834.6, 1836.4
0, 137.9, 274.5, 402.2, 525, 639.5, 739.9, 839.9, 930.7, 1019.6, 1096.8, 1169, 1239.3, 1300.2, 1358.6, 1412.9, 1459.4, 1506.2, 1546.5, 1583.9, 1615.4, 1645, 1672.4, 1695.7, 1716.5, 1736.3, 1751.9, 1765.7, 1781.1, 1791.3, 1801.2, 1811.1, 1818.4, 1823.6, 1828.6, 1832
1, 2, 3, 4, 5, 6, 7, 8, 9, 10, 11, 12, 13, 14, 15, 16, 17, 18, 19, 20, 21, 22, 23, 24, 25, 26, 27, 28, 29, 30, 31, 32, 33, 34, 35, 36

0, 210, 420, 630, 840, 1010, 1180, 1350, 1520, 1690, 1860, 2030, 2200, 2370, 2540, 2710, 2880, 2916, 2952, 2988, 3024, 3060, 3092, 3128, 3156, 3184, 3212, 3232, 3260, 3284, 3308, 3332, 3344, 3352, 3356, 3360
0, 210, 420, 630, 840, 1010, 1180, 1350, 1520, 1690, 1860, 2030, 2200, 2370, 2540, 2710, 2880, 2916, 2952, 2988, 3024, 3060, 3096, 3128, 3160, 3188, 3216, 3244, 3272, 3300, 3316, 3332, 3344, 3352, 3356, 3360
0, 210, 420, 630, 840, 1010, 1180, 1350, 1520, 1690, 1860, 2030, 2200, 2370, 2540, 2710, 2880, 2916, 2952, 2988, 3024, 3060, 3092, 3128, 3156, 3184, 3212, 3232, 3260, 3284, 3308, 3332, 3344, 3352, 3356, 3360
1, 2, 3, 4, 5, 6, 7, 8, 9, 10, 11, 12, 13, 14, 15, 16, 17, 18, 19, 20, 21, 22, 23, 24, 25, 26, 27, 28, 29, 30, 31, 32, 33, 34, 35, 36

0, 0.820313, 1.64063, 2.46094, 3.28125, 3.94531, 4.60938, 5.27344, 5.9375, 6.60156, 7.26563, 7.92969, 8.59375, 9.25781, 9.92188, 10.5859, 11.25, 11.3906, 11.5313, 11.6719, 11.8125, 11.9531, 12.0781, 12.2188, 12.3281, 12.4375, 12.5469, 12.625, 12.7344, 12.8281, 12.9219, 13.0156, 13.0625, 13.0938, 13.1094, 13.125
0, 0.820313, 1.64063, 2.46094, 3.28125, 3.94531, 4.60938, 5.27344, 5.9375, 6.60156, 7.26563, 7.92969, 8.59375, 9.25781, 9.92188, 10.5859, 11.25, 11.3906, 11.5313, 11.6719, 11.8125, 11.9531, 12.0938, 12.2188, 12.3438, 12.4531, 12.5625, 12.6719, 12.7813, 12.8906, 12.9531, 13.0156, 13.0625, 13.0938, 13.1094, 13.125
0, 0.820313, 1.64063, 2.46094, 3.28125, 3.94531, 4.60938, 5.27344, 5.9375, 6.60156, 7.26563, 7.92969, 8.59375, 9.25781, 9.92188, 10.5859, 11.25, 11.3906, 11.5313, 11.6719, 11.8125, 11.9531, 12.0781, 12.2188, 12.3281, 12.4375, 12.5469, 12.625, 12.7344, 12.8281, 12.9219, 13.0156, 13.0625, 13.0938, 13.1094, 13.125
1, 2, 3, 4, 5, 6, 7, 8, 9, 10, 11, 12, 13, 14, 15, 16, 17, 18, 19, 20, 21, 22, 23, 24, 25, 26, 27, 28, 29, 30, 31, 32, 33, 34, 35, 36

0, 45, 90, 134, 178, 218, 258, 294, 325, 354, 383, 410, 437, 465, 495, 523, 549, 572, 593, 614, 632, 652, 668, 686, 704, 722, 736, 749, 763, 777, 790, 802, 813, 825, 836, 847, 859, 868, 878, 889, 901, 911, 920, 929, 940, 949, 958, 967, 974, 980, 988, 996, 1003, 1010, 1018, 1025, 1030, 1035, 1041, 1047, 1052, 1057, 1062, 1067, 1071, 1074, 1078, 1081, 1085, 1088, 1090, 1092, 1093
0, 45, 90, 134, 178, 218, 258, 294, 327, 358, 388, 417, 446, 474, 502, 529, 552, 575, 596, 616, 635, 653, 671, 689, 707, 722, 736, 750, 764, 778, 791, 803, 815, 827, 839, 851, 862, 873, 884, 895, 905, 915, 925, 934, 943, 952, 961, 969, 977, 985, 993, 1001, 1008, 1015, 1021, 1027, 1033, 1039, 1044, 1049, 1054, 1059, 1064, 1068, 1072, 1076, 1079, 1082, 1085, 1088, 1090, 1092, 1093
0, 45, 90, 134, 178, 218, 258, 294, 325, 354, 383, 410, 437, 465, 495, 523, 549, 572, 593, 614, 632, 652, 668, 686, 704, 722, 736, 749, 763, 777, 790, 802, 813, 825, 836, 847, 859, 868, 878, 889, 901, 911, 920, 929, 940, 949, 958, 967, 974, 980, 988, 996, 1003, 1010, 1018, 1025, 1030, 1035, 1041, 1047, 1052, 1057, 1062, 1067, 1071, 1074, 1078, 1081, 1085, 1088, 1090, 1092, 1093
1, 2, 3, 4, 5, 6, 7, 8, 9, 10, 11, 12, 13, 14, 15, 16, 17, 18, 19, 20, 21, 22, 23, 24, 25, 26, 27, 28, 29, 30, 31, 32, 33, 34, 35, 36, 37, 38, 39, 40, 41, 42, 43, 44, 45, 46, 47, 48, 49, 50, 51, 52, 53, 54, 55, 56, 57, 58, 59, 60, 61, 62, 63, 64, 65, 66, 67, 68, 69, 70, 71, 72, 73

0, 29.8, 54.3, 76.2, 92.7, 120.2, 134.5, 146.5, 158.8, 175.1, 185.5, 198.7, 212.7, 225.5, 246.6, 262.9, 271.4, 284.8, 294.7, 305.8, 313.6, 328.2, 337.9, 343.7, 349.2, 353.3, 358.1, 364, 369.8, 385.1, 396, 399.9, 405.2, 407.9, 415.1, 417.5, 422, 424, 427.2, 433.3, 438.1, 443.7, 447.4, 450.6, 461.6, 470.3, 474.6, 478.6, 484.2, 486.8, 495.2, 500.7, 504.7, 508.6, 512.5, 518.6, 524.8, 528.7, 537.1, 540.3, 544, 548, 550.6, 553.6, 557.6, 562.6, 568.5, 573.3, 578.8, 583.2, 589.6, 592.8, 599.1
0, 29.8, 57.8, 82.4, 106.6, 128.2, 149.2, 168.1, 186.2, 204.2, 221.8, 237.7, 253, 267.6, 281.3, 294.8, 307.2, 319.2, 331.1, 342.4, 353.1, 363.3, 373.2, 382.4, 391.1, 399.5, 407.8, 416, 424.1, 432, 439.6, 447, 454, 461, 467.9, 474.6, 481.3, 487.4, 493, 498.5, 504, 509.2, 514.3, 519.3, 524.1, 528.7, 533.3, 537.6, 541.7, 545.6, 549.3, 552.7, 556.1, 559.4, 562.6, 565.6, 568.6, 571.6, 574.5, 577.2, 579.8, 582.3, 584.8, 586.8, 588.8, 590.7, 592.4, 593.9, 595.4, 596.7, 597.8, 598.7, 599.1
0, 31.7, 58.7, 89.1, 114.2, 139, 167.1, 190.7, 212.5, 230.3, 246.7, 267, 283.7, 301.6, 318.9, 332.2, 345.5, 358.2, 369.4, 380.4, 391.3, 400.5, 410.9, 418.9, 427.2, 435.4, 444.5, 451.2, 457.5, 465.3, 474.1, 479.9, 487.7, 493.7, 499.5, 505.4, 511.4, 516.5, 521.3, 525.5, 529.7, 534.7, 538.2, 542.4, 546.3, 549.3, 553.1, 556.7, 559.5, 562.8, 565.9, 568.7, 571.8, 574.1, 576.6, 578.7, 580.9, 582.6, 584.5, 586, 587.6, 589.4, 590.6, 592, 593.5, 594.8, 595.7, 596.4, 597, 597.7, 598.2, 598.7, 599
1, 2, 3, 4, 5, 6, 7, 8, 9, 10, 11, 12, 13, 14, 15, 16, 17, 18, 19, 20, 21, 22, 23, 24, 25, 26, 27, 28, 29, 30, 31, 32, 33, 34, 35, 36, 37, 38, 39, 40, 41, 42, 43, 44, 45, 46, 47, 48, 49, 50, 51, 52, 53, 54, 55, 56, 57, 58, 59, 60, 61, 62, 63, 64, 65, 66, 67, 68, 69, 70, 71, 72, 73

0, 45, 90, 134, 178, 218, 258, 294, 325, 354, 383, 410, 437, 465, 495, 523, 549, 572, 593, 614, 632, 652, 668, 686, 704, 722, 736, 749, 763, 777, 790, 802, 813, 825, 836, 847, 859, 868, 878, 889, 901, 911, 920, 929, 940, 949, 958, 967, 974, 980, 988, 996, 1003, 1010, 1018, 1025, 1030, 1035, 1041, 1047, 1052, 1057, 1062, 1067, 1071, 1074, 1078, 1081, 1085, 1088, 1090, 1092, 1093
0, 45, 90, 134, 178, 218, 258, 294, 327, 358, 388, 417, 446, 474, 502, 529, 552, 575, 596, 616, 635, 653, 671, 689, 707, 722, 736, 750, 764, 778, 791, 803, 815, 827, 839, 851, 862, 873, 884, 895, 905, 915, 925, 934, 943, 952, 961, 969, 977, 985, 993, 1001, 1008, 1015, 1021, 1027, 1033, 1039, 1044, 1049, 1054, 1059, 1064, 1068, 1072, 1076, 1079, 1082, 1085, 1088, 1090, 1092, 1093
0, 45, 90, 134, 178, 218, 258, 294, 325, 354, 383, 410, 437, 465, 495, 523, 549, 572, 593, 614, 632, 652, 668, 686, 704, 722, 736, 749, 763, 777, 790, 802, 813, 825, 836, 847, 859, 868, 878, 889, 901, 911, 920, 929, 940, 949, 958, 967, 974, 980, 988, 996, 1003, 1010, 1018, 1025, 1030, 1035, 1041, 1047, 1052, 1057, 1062, 1067, 1071, 1074, 1078, 1081, 1085, 1088, 1090, 1092, 1093
1, 2, 3, 4, 5, 6, 7, 8, 9, 10, 11, 12, 13, 14, 15, 16, 17, 18, 19, 20, 21, 22, 23, 24, 25, 26, 27, 28, 29, 30, 31, 32, 33, 34, 35, 36, 37, 38, 39, 40, 41, 42, 43, 44, 45, 46, 47, 48, 49, 50, 51, 52, 53, 54, 55, 56, 57, 58, 59, 60, 61, 62, 63, 64, 65, 66, 67, 68, 69, 70, 71, 72, 73

0, 0.509333, 1.01867, 1.4655, 1.91233, 2.10917, 2.306, 2.4195, 2.50749, 2.59071, 2.67392, 2.75202, 2.82189, 2.89383, 2.97358, 3.03825, 3.09456, 3.13675, 3.17298, 3.22329, 3.24605, 3.27772, 3.29267, 3.31414, 3.34437, 3.37038, 3.38478, 3.39049, 3.40096, 3.41189, 3.4176, 3.42709, 3.43809, 3.44348, 3.44787, 3.45238, 3.45765, 3.46152, 3.46557, 3.47008, 3.47527, 3.47954, 3.48318, 3.48655, 3.49079, 3.49439, 3.49816, 3.50202, 3.50524, 3.50756, 3.51095, 3.51435, 3.51687, 3.51951, 3.52277, 3.52572, 3.52747, 3.52922, 3.53167, 3.53424, 3.53622, 3.53841, 3.54029, 3.54242, 3.54385, 3.5449, 3.54622, 3.54727, 3.54878, 3.5502, 3.55095, 3.55159, 3.55191
0, 0.509333, 1.01867, 1.4655, 1.91233, 2.10917, 2.306, 2.4195, 2.51585, 2.60135, 2.68544, 2.76865, 2.84754, 2.92381, 2.99368, 3.05955, 3.11767, 3.16113, 3.20146, 3.23798, 3.26494, 3.29151, 3.31427, 3.33693, 3.3586, 3.37331, 3.38475, 3.39592, 3.40664, 3.41655, 3.42249, 3.42833, 3.43391, 3.43941, 3.44481, 3.45018, 3.45537, 3.46034, 3.46518, 3.47003, 3.47474, 3.47926, 3.48367, 3.48806, 3.49183, 3.49546, 3.49897, 3.50247, 3.50592, 3.50931, 3.51268, 3.51598, 3.51894, 3.5218, 3.52444, 3.52706, 3.52962, 3.53214, 3.53421, 3.53609, 3.53798, 3.53973, 3.54148, 3.54291, 3.54433, 3.54564, 3.54696, 3.54809, 3.54914, 3.5502, 3.55095, 3.55159, 3.55191
0, 0.509333, 1.01867, 1.403, 1.78733, 2.04667, 2.306, 2.41256, 2.50891, 2.60526, 2.704, 2.79452, 2.87883, 2.96996, 3.06071, 3.12483, 3.18526, 3.25629, 3.29314, 3.32925, 3.35351, 3.36326, 3.37346, 3.37942, 3.38569, 3.39165, 3.39793, 3.40351, 3.40947, 3.41561, 3.42132, 3.42675, 3.43246, 3.43696, 3.44167, 3.44643, 3.45157, 3.45671, 3.46152, 3.46534, 3.46896, 3.47411, 3.47741, 3.48106, 3.48525, 3.48836, 3.49186, 3.49552, 3.49887, 3.50264, 3.50681, 3.50968, 3.51299, 3.51599, 3.51838, 3.5208, 3.52296, 3.52526, 3.52743, 3.52927, 3.53134, 3.53309, 3.53539, 3.53724, 3.53907, 3.5407, 3.54221, 3.54371, 3.54471, 3.54621, 3.54761, 3.54856, 3.54963
1, 2, 3, 4, 5, 6, 7, 8, 9, 10, 11, 12, 13, 14, 15, 16, 17, 18, 19, 20, 21, 22, 23, 24, 25, 26, 27, 28, 29, 30, 31, 32, 33, 34, 35, 36, 37, 38, 39, 40, 41, 42, 43, 44, 45, 46, 47, 48, 49, 50, 51, 52, 53, 54, 55, 56, 57, 58, 59, 60, 61, 62, 63, 64, 65, 66, 67, 68, 69, 70, 71, 72, 73

0, 210, 410, 610, 810, 980, 1160, 1340, 1520, 1690, 1866, 2042, 2218, 2388, 2560, 2732, 2904, 2942, 2980, 3018, 3056, 3094, 3132, 3170, 3208, 3246, 3284, 3322, 3360
0, 210, 414, 618, 822, 1004, 1186, 1368, 1544, 1720, 1896, 2068, 2240, 2412, 2576, 2740, 2904, 2942, 2980, 3018, 3056, 3094, 3132, 3170, 3208, 3246, 3284, 3322, 3360
0, 210, 420, 630, 840, 1010, 1180, 1350, 1520, 1690, 1860, 2030, 2200, 2370, 2540, 2710, 2880, 2916, 2952, 2988, 3024, 3060, 3092, 3128, 3156, 3184, 3212, 3232, 3260
1, 2, 3, 4, 5, 6, 7, 8, 9, 10, 11, 12, 13, 14, 15, 16, 17, 18, 19, 20, 21, 22, 23, 24, 25, 26, 27, 28, 29

0, 125.8, 243.2, 351.9, 453.2, 551.7, 658.5, 753.4, 842.4, 920.8, 1000, 1070.5, 1138.6, 1203.1, 1265.5, 1324.6, 1379.7, 1429.2, 1476.2, 1522.2, 1564.9, 1605.9, 1663.6, 1705.8, 1735, 1773.5, 1796.9, 1825, 1842.3
0, 125.8, 243.2, 357.9, 470.6, 570.2, 669.1, 766.2, 857.4, 947.9, 1038, 1128, 1213.8, 1297.8, 1372.5, 1445.1, 1515.1, 1547, 1578.8, 1608.2, 1635.9, 1663.5, 1690.6, 1717.1, 1743.4, 1768.9, 1794.2, 1819, 1842.3
0, 141.3, 270.7, 397.1, 522.7, 636, 738.1, 843.6, 932.3, 1017.8, 1093.3, 1164.4, 1233.2, 1294.8, 1352.2, 1405.2, 1456.9, 1501.8, 1544.9, 1584.2, 1617, 1651.3, 1676.1, 1698.9, 1721.2, 1740, 1756.1, 1772.2, 1785.3
1, 2, 3, 4, 5, 6, 7, 8, 9, 10, 11, 12, 13, 14, 15, 16, 17, 18, 19, 20, 21, 22, 23, 24, 25, 26, 27, 28, 29

0, 210, 410, 610, 810, 980, 1160, 1340, 1520, 1690, 1866, 2042, 2218, 2388, 2560, 2732, 2904, 2942, 2980, 3018, 3056, 3094, 3132, 3170, 3208, 3246, 3284, 3322, 3360
0, 210, 414, 618, 822, 1004, 1186, 1368, 1544, 1720, 1896, 2068, 2240, 2412, 2576, 2740, 2904, 2942, 2980, 3018, 3056, 3094, 3132, 3170, 3208, 3246, 3284, 3322, 3360
0, 210, 420, 630, 840, 1010, 1180, 1350, 1520, 1690, 1860, 2030, 2200, 2370, 2540, 2710, 2880, 2916, 2952, 2988, 3024, 3060, 3092, 3128, 3156, 3184, 3212, 3232, 3260
1, 2, 3, 4, 5, 6, 7, 8, 9, 10, 11, 12, 13, 14, 15, 16, 17, 18, 19, 20, 21, 22, 23, 24, 25, 26, 27, 28, 29

0, 0.820313, 1.60156, 2.38281, 3.16406, 3.82813, 4.53125, 5.23438, 5.9375, 6.60156, 7.28906, 7.97656, 8.66406, 9.32813, 10, 10.6719, 11.3438, 11.4922, 11.6406, 11.7891, 11.9375, 12.0859, 12.2344, 12.3828, 12.5313, 12.6797, 12.8281, 12.9766, 13.125
0, 0.820313, 1.61719, 2.41406, 3.21094, 3.92188, 4.63281, 5.34375, 6.03125, 6.71875, 7.40625, 8.07813, 8.75, 9.42188, 10.0625, 10.7031, 11.3438, 11.4922, 11.6406, 11.7891, 11.9375, 12.0859, 12.2344, 12.3828, 12.5313, 12.6797, 12.8281, 12.9766, 13.125
0, 0.820313, 1.64063, 2.46094, 3.28125, 3.94531, 4.60938, 5.27344, 5.9375, 6.60156, 7.26563, 7.92969, 8.59375, 9.25781, 9.92188, 10.5859, 11.25, 11.3906, 11.5313, 11.6719, 11.8125, 11.9531, 12.0781, 12.2188, 12.3281, 12.4375, 12.5469, 12.625, 12.7344
1, 2, 3, 4, 5, 6, 7, 8, 9, 10, 11, 12, 13, 14, 15, 16, 17, 18, 19, 20, 21, 22, 23, 24, 25, 26, 27, 28, 29

0, 78, 150, 222, 282, 348, 414, 474, 537, 600, 617, 634, 651, 668, 685, 702
0, 78, 153, 225, 294, 360, 423, 486, 543, 600, 617, 634, 651, 668, 685, 702
0, 78, 156, 234, 294, 354, 412, 461, 504, 548, 578, 604, 628, 647, 664, 675
1, 2, 3, 4, 5, 6, 7, 8, 9, 10, 11, 12, 13, 14, 15, 16

0, 46.4, 89, 127.1, 163, 197.3, 228.9, 260.4, 276.5, 302.6, 317.5, 337.8, 351.7, 373, 381.9, 390.6
0, 46.4, 90.2, 132.4, 170.1, 206.3, 240.9, 274.1, 305.2, 335.4, 346.7, 356.1, 365.2, 374.1, 382.8, 390.6
0, 50.6, 98.2, 144.7, 185.5, 221.3, 257.4, 282.6, 303.4, 324, 339.8, 351, 361.6, 370.2, 375.9, 381.1
1, 2, 3, 4, 5, 6, 7, 8, 9, 10, 11, 12, 13, 14, 15, 16

0, 78, 150, 222, 282, 348, 414, 474, 537, 600, 617, 634, 651, 668, 685, 702
0, 78, 153, 225, 294, 360, 423, 486, 543, 600, 617, 634, 651, 668, 685, 702
0, 78, 156, 234, 294, 354, 412, 461, 504, 548, 578, 604, 628, 647, 664, 675
1, 2, 3, 4, 5, 6, 7, 8, 9, 10, 11, 12, 13, 14, 15, 16

0, 0.962963, 1.85185, 2.74074, 3.48148, 4.29629, 5.11111, 5.85185, 6.62963, 7.4074, 7.61728, 7.82716, 8.03703, 8.24691, 8.45679, 8.66666
0, 0.962963, 1.88889, 2.77778, 3.62963, 4.44444, 5.22222, 6, 6.7037, 7.4074, 7.61728, 7.82716, 8.03703, 8.24691, 8.45679, 8.66666
0, 0.962963, 1.92593, 2.88889, 3.62963, 4.37037, 5.09876, 5.65432, 6.19753, 6.72839, 7.09876, 7.44444, 7.7037, 7.96296, 8.16049, 8.34568
1, 2, 3, 4, 5, 6, 7, 8, 9, 10, 11, 12, 13, 14, 15, 16

0, 28, 56, 84, 112, 140, 168, 196, 224, 252, 280, 308, 336, 364, 392, 420, 448, 476, 504, 532, 560, 588, 616, 644, 672, 700, 728, 756, 784, 812, 840, 868, 896, 924, 952, 980, 1008, 1036, 1064, 1092, 1120, 1148, 1176, 1204, 1232, 1260, 1288, 1316, 1344, 1372
0, 28, 56, 84, 112, 140, 168, 196, 224, 252, 280, 308, 336, 364, 392, 420, 448, 476, 504, 532, 560, 588, 616, 644, 672, 700, 728, 756, 784, 812, 840, 868, 896, 924, 952, 980, 1008, 1036, 1064, 1092, 1120, 1148, 1176, 1204, 1232, 1260, 1288, 1316, 1344, 1372
0, 28, 56, 84, 112, 140, 168, 196, 224, 252, 280, 308, 336, 364, 392, 420, 446, 474, 501, 528, 555, 582, 607, 631, 656, 680, 706, 729, 752, 776, 797, 817, 838, 859, 882, 903, 924, 944, 960, 978, 996, 1014, 1034, 1052, 1071, 1088, 1104, 1120, 1138, 1153
1, 2, 3, 4, 5, 6, 7, 8, 9, 10, 11, 12, 13, 14, 15, 16, 17, 18, 19, 20, 21, 22, 23, 24, 25, 26, 27, 28, 29, 30, 31, 32, 33, 34, 35, 36, 37, 38, 39, 40, 41, 42, 43, 44, 45, 46, 47, 48, 49, 50

0, 17.9, 35.7, 53.2, 70.6, 87.5, 104.4, 121.2, 137.9, 154.5, 171.1, 187.7, 204.2, 220.7, 237.1, 253.3, 269.3, 285.3, 301.2, 317.1, 332.9, 348.7, 364.4, 379.9, 395.4, 410.7, 426, 441.2, 456.3, 471.4, 486.4, 501.2, 515.6, 529.9, 543.9, 557.9, 571.9, 585.6, 599.3, 612.9, 626.4, 639.9, 653.4, 666.9, 680.3, 693.6, 706.9, 719.6, 731.7, 743.8
0, 17.9, 35.7, 53.2, 70.6, 87.5, 104.4, 121.2, 137.9, 154.5, 171.1, 187.7, 204.2, 220.7, 237.1, 253.3, 269.3, 285.3, 301.2, 317.1, 332.9, 348.7, 364.4, 379.9, 395.4, 410.7, 426, 441.2, 456.3, 471.4, 486.4, 501.2, 515.6, 529.9, 543.9, 557.9, 571.9, 585.6, 599.3, 612.9, 626.4, 639.9, 653.4, 666.9, 680.3, 693.6, 706.9, 719.6, 731.7, 743.8
0, 21, 41.1, 62.6, 83.7, 105.8, 126.2, 144.3, 163.2, 181.3, 200.2, 216.8, 233.4, 250.4, 266.8, 283, 300.2, 315.2, 331.1, 345.9, 361.4, 376.2, 390.4, 404.5, 416.8, 429.8, 443.3, 454.9, 467.6, 479.1, 490.8, 503, 514.6, 527, 536.1, 548, 557.3, 564.9, 574.7, 583.8, 593.1, 601.7, 609.5, 618.8, 625, 632.2, 639.9, 646.3, 652.4, 659.8
1, 2, 3, 4, 5, 6, 7, 8, 9, 10, 11, 12, 13, 14, 15, 16, 17, 18, 19, 20, 21, 22, 23, 24, 25, 26, 27, 28, 29, 30, 31, 32, 33, 34, 35, 36, 37, 38, 39, 40, 41, 42, 43, 44, 45, 46, 47, 48, 49, 50

0, 28, 56, 84, 112, 140, 168, 196, 224, 252, 280, 308, 336, 364, 392, 420, 448, 476, 504, 532, 560, 588, 616, 644, 672, 700, 728, 756, 784, 812, 840, 868, 896, 924, 952, 980, 1008, 1036, 1064, 1092, 1120, 1148, 1176, 1204, 1232, 1260, 1288, 1316, 1344, 1372
0, 28, 56, 84, 112, 140, 168, 196, 224, 252, 280, 308, 336, 364, 392, 420, 448, 476, 504, 532, 560, 588, 616, 644, 672, 700, 728, 756, 784, 812, 840, 868, 896, 924, 952, 980, 1008, 1036, 1064, 1092, 1120, 1148, 1176, 1204, 1232, 1260, 1288, 1316, 1344, 1372
0, 28, 56, 84, 112, 140, 168, 196, 224, 252, 280, 308, 336, 364, 392, 420, 446, 474, 501, 528, 555, 582, 607, 631, 656, 680, 706, 729, 752, 776, 797, 817, 838, 859, 882, 903, 924, 944, 960, 978, 996, 1014, 1034, 1052, 1071, 1088, 1104, 1120, 1138, 1153
1, 2, 3, 4, 5, 6, 7, 8, 9, 10, 11, 12, 13, 14, 15, 16, 17, 18, 19, 20, 21, 22, 23, 24, 25, 26, 27, 28, 29, 30, 31, 32, 33, 34, 35, 36, 37, 38, 39, 40, 41, 42, 43, 44, 45, 46, 47, 48, 49, 50

0, 0.0116618, 0.0233236, 0.0349854, 0.0466472, 0.058309, 0.0699708, 0.0816326, 0.0932944, 0.104956, 0.116618, 0.12828, 0.139942, 0.151603, 0.163265, 0.174927, 0.186589, 0.198251, 0.209913, 0.221574, 0.233236, 0.244898, 0.25656, 0.268222, 0.279883, 0.291545, 0.303207, 0.314869, 0.326531, 0.338192, 0.349854, 0.361516, 0.373178, 0.38484, 0.396501, 0.408163, 0.419825, 0.431487, 0.443149, 0.45481, 0.466472, 0.478134, 0.489796, 0.501458, 0.513119, 0.524781, 0.536443, 0.548105, 0.559767, 0.571429
0, 0.0116618, 0.0233236, 0.0349854, 0.0466472, 0.058309, 0.0699708, 0.0816326, 0.0932944, 0.104956, 0.116618, 0.12828, 0.139942, 0.151603, 0.163265, 0.174927, 0.186589, 0.198251, 0.209913, 0.221574, 0.233236, 0.244898, 0.25656, 0.268222, 0.279883, 0.291545, 0.303207, 0.314869, 0.326531, 0.338192, 0.349854, 0.361516, 0.373178, 0.38484, 0.396501, 0.408163, 0.419825, 0.431487, 0.443149, 0.45481, 0.466472, 0.478134, 0.489796, 0.501458, 0.513119, 0.524781, 0.536443, 0.548105, 0.559767, 0.571429
0, 0.0116618, 0.0233236, 0.0349854, 0.0466472, 0.058309, 0.0699708, 0.0816326, 0.0932944, 0.104956, 0.116618, 0.12828, 0.139942, 0.151603, 0.163265, 0.174927, 0.185756, 0.197418, 0.208663, 0.220325, 0.23157, 0.242815, 0.253228, 0.26364, 0.274053, 0.284881, 0.294877, 0.30529, 0.315702, 0.325698, 0.334861, 0.344023, 0.352353, 0.361516, 0.369846, 0.378176, 0.386506, 0.394003, 0.403165, 0.411079, 0.418576, 0.42524, 0.431903, 0.438984, 0.446064, 0.452728, 0.459808, 0.466056, 0.472303, 0.478551
1, 2, 3, 4, 5, 6, 7, 8, 9, 10, 11, 12, 13, 14, 15, 16, 17, 18, 19, 20, 21, 22, 23, 24, 25, 26, 27, 28, 29, 30, 31, 32, 33, 34, 35, 36, 37, 38, 39, 40, 41, 42, 43, 44, 45, 46, 47, 48, 49, 50

0, 10, 20, 30, 40, 50, 60, 70, 80, 90, 100, 110, 120, 130, 140, 150, 160
0, 10, 20, 30, 40, 50, 60, 70, 80, 90, 100, 110, 120, 130, 140, 150, 160
0, 10, 20, 30, 40, 50, 60, 70, 80, 90, 100, 110, 120, 130, 140, 150, 160
1, 2, 3, 4, 5, 6, 7, 8, 9, 10, 11, 12, 13, 14, 15, 16, 17

0, 7.3, 14.3, 21, 27.3, 33.5, 39.4, 45.2, 51, 56.4, 61.8, 67.2, 72, 76.5, 80.9, 85, 88.9
0, 7.3, 14.3, 21, 27.3, 33.5, 39.4, 45.2, 51, 56.4, 61.8, 67.2, 72, 76.5, 80.9, 85, 88.9
0, 7.9, 15.4, 22.4, 29.3, 35.7, 41, 46.1, 51.5, 56.3, 60.3, 64.9, 68.4, 72.8, 75.9, 79.4, 81.7
1, 2, 3, 4, 5, 6, 7, 8, 9, 10, 11, 12, 13, 14, 15, 16, 17

0, 10, 20, 30, 40, 50, 60, 70, 80, 90, 100, 110, 120, 130, 140, 150, 160
0, 10, 20, 30, 40, 50, 60, 70, 80, 90, 100, 110, 120, 130, 140, 150, 160
0, 10, 20, 30, 40, 50, 60, 70, 80, 90, 100, 110, 120, 130, 140, 150, 160
1, 2, 3, 4, 5, 6, 7, 8, 9, 10, 11, 12, 13, 14, 15, 16, 17

0, 0.0390625, 0.078125, 0.117188, 0.15625, 0.195313, 0.234375, 0.273438, 0.3125, 0.351563, 0.390625, 0.429688, 0.46875, 0.507813, 0.546875, 0.585938, 0.625
0, 0.0390625, 0.078125, 0.117188, 0.15625, 0.195313, 0.234375, 0.273438, 0.3125, 0.351563, 0.390625, 0.429688, 0.46875, 0.507813, 0.546875, 0.585938, 0.625
0, 0.0390625, 0.078125, 0.117188, 0.15625, 0.195313, 0.234375, 0.273438, 0.3125, 0.351563, 0.390625, 0.429688, 0.46875, 0.507813, 0.546875, 0.585938, 0.625
1, 2, 3, 4, 5, 6, 7, 8, 9, 10, 11, 12, 13, 14, 15, 16, 17

0, 15, 30, 45, 60, 75, 90, 105, 120, 135, 150, 165, 180, 195, 210, 225, 240, 255, 270, 285, 300, 315, 330, 345, 360, 375
0, 15, 30, 45, 60, 75, 90, 105, 120, 135, 150, 165, 180, 195, 210, 225, 240, 255, 270, 285, 300, 315, 330, 345, 360, 375
0, 15, 30, 45, 60, 75, 90, 105, 120, 135, 150, 165, 179, 193, 207, 221, 234, 247, 259, 269, 281, 291, 303, 312, 322, 328
1, 2, 3, 4, 5, 6, 7, 8, 9, 10, 11, 12, 13, 14, 15, 16, 17, 18, 19, 20, 21, 22, 23, 24, 25, 26

0, 10.8, 20.9, 30.7, 40.5, 50.3, 59.8, 69.3, 78.6, 87.8, 96.4, 104.9, 113.4, 121.6, 129.8, 138, 146.2, 154.3, 162.2, 170, 177.8, 185.5, 193.1, 200.3, 207.5, 212.3
0, 10.8, 20.9, 30.7, 40.5, 50.3, 59.8, 69.3, 78.6, 87.8, 96.4, 104.9, 113.4, 121.6, 129.8, 138, 146.2, 154.3, 162.2, 170, 177.8, 185.5, 193.1, 200.3, 207.5, 212.3
0, 10.9, 22.2, 33.4, 44, 53.8, 64.3, 74.1, 84.1, 94, 102.5, 110.2, 118.2, 125.3, 132.3, 139.6, 145.2, 151.2, 156.2, 161.9, 167.5, 171.3, 175.6, 180.1, 184.7, 189.4
1, 2, 3, 4, 5, 6, 7, 8, 9, 10, 11, 12, 13, 14, 15, 16, 17, 18, 19, 20, 21, 22, 23, 24, 25, 26

0, 15, 30, 45, 60, 75, 90, 105, 120, 135, 150, 165, 180, 195, 210, 225, 240, 255, 270, 285, 300, 315, 330, 345, 360, 375
0, 15, 30, 45, 60, 75, 90, 105, 120, 135, 150, 165, 180, 195, 210, 225, 240, 255, 270, 285, 300, 315, 330, 345, 360, 375
0, 15, 30, 45, 60, 75, 90, 105, 120, 135, 150, 165, 179, 193, 207, 221, 234, 247, 259, 269, 281, 291, 303, 312, 322, 328
1, 2, 3, 4, 5, 6, 7, 8, 9, 10, 11, 12, 13, 14, 15, 16, 17, 18, 19, 20, 21, 22, 23, 24, 25, 26

0, 0.024, 0.048, 0.072, 0.096, 0.12, 0.144, 0.168, 0.192, 0.216, 0.24, 0.264, 0.288, 0.312, 0.336, 0.36, 0.384, 0.408, 0.432, 0.456, 0.48, 0.504, 0.528, 0.552, 0.576, 0.6
0, 0.024, 0.048, 0.072, 0.096, 0.12, 0.144, 0.168, 0.192, 0.216, 0.24, 0.264, 0.288, 0.312, 0.336, 0.36, 0.384, 0.408, 0.432, 0.456, 0.48, 0.504, 0.528, 0.552, 0.576, 0.6
0, 0.024, 0.048, 0.072, 0.096, 0.12, 0.144, 0.168, 0.192, 0.216, 0.24, 0.264, 0.2864, 0.3088, 0.3296, 0.352, 0.3712, 0.392, 0.4096, 0.4272, 0.4464, 0.4624, 0.4816, 0.496, 0.5104, 0.5216
1, 2, 3, 4, 5, 6, 7, 8, 9, 10, 11, 12, 13, 14, 15, 16, 17, 18, 19, 20, 21, 22, 23, 24, 25, 26

