0.534211	0.696053	0.695614		0.423078	0.775312	0.802743		0.430832	0.741169	0.760431		0.308072	0.831014	0.836792		0.54784	0.660442	0.700054		0.423548	0.787524	0.807529		0.439611	0.741331	0.768358		0.310302	0.824589	0.841053		0.534211	0.696053	0.695614		0.423078	0.775312	0.802743		0.430832	0.741169	0.760431		0.308072	0.831014	0.836792		0.520081	0.771772	0.773767		0.438535	0.820653	0.858896		0.455905	0.80045	0.825208		0.314747	0.880254	0.884255		
0.534298	0.696053	0.695614		0.423636	0.775312	0.802743		0.431366	0.741169	0.760431		0.308114	0.831014	0.836792		0.547918	0.660442	0.700054		0.423647	0.787524	0.807529		0.439747	0.741331	0.768358		0.310369	0.824589	0.841053		0.534298	0.696053	0.695614		0.423636	0.775312	0.802743		0.431366	0.741169	0.760431		0.308114	0.831014	0.836792		0.520855	0.771772	0.773767		0.438884	0.820653	0.858896		0.456142	0.80045	0.825208		0.314918	0.880254	0.884255		
0.534474	0.696053	0.695614		0.42371	0.775312	0.802743		0.431721	0.741169	0.760431		0.308198	0.831014	0.836792		0.548321	0.660442	0.700054		0.423712	0.787524	0.807529		0.440041	0.741331	0.768358		0.310414	0.824589	0.841053		0.534474	0.696053	0.695614		0.42371	0.775312	0.802743		0.431721	0.741169	0.760431		0.308198	0.831014	0.836792		0.521401	0.771772	0.773767		0.43922	0.820653	0.858896		0.456192	0.80045	0.825208		0.314947	0.880254	0.884255		
0.534912	0.696053	0.695614		0.423915	0.775312	0.802743		0.432018	0.741169	0.760431		0.308451	0.831014	0.836792		0.548786	0.660442	0.700054		0.424077	0.787524	0.807529		0.442294	0.741331	0.768358		0.310608	0.824589	0.841053		0.534912	0.696053	0.695614		0.423915	0.775312	0.802743		0.432018	0.741169	0.760431		0.308451	0.831014	0.836792		0.521712	0.771772	0.773767		0.439918	0.820653	0.858896		0.457168	0.80045	0.825208		0.315441	0.880254	0.884255		
0.536228	0.696053	0.695614		0.424045	0.775312	0.802743		0.433321	0.741169	0.760431		0.308873	0.831014	0.836792		0.55178	0.660442	0.700054		0.424547	0.787524	0.807529		0.442409	0.741331	0.768358		0.310727	0.824589	0.841053		0.536228	0.696053	0.695614		0.424045	0.775312	0.802743		0.433321	0.741169	0.760431		0.308873	0.831014	0.836792		0.522377	0.771772	0.773767		0.44015	0.820653	0.858896		0.458077	0.80045	0.825208		0.31575	0.880254	0.884255		
0.540877	0.696053	0.695614		0.425123	0.775312	0.802743		0.433381	0.741169	0.760431		0.308915	0.831014	0.836792		0.552369	0.660442	0.700054		0.424882	0.787524	0.807529		0.443939	0.741331	0.768358		0.311652	0.824589	0.841053		0.540877	0.696053	0.695614		0.425123	0.775312	0.802743		0.433381	0.741169	0.760431		0.308915	0.831014	0.836792		0.524075	0.771772	0.773767		0.440775	0.820653	0.858896		0.459254	0.80045	0.825208		0.316287	0.880254	0.884255		
0.540965	0.696053	0.695614		0.42568	0.775312	0.802743		0.434329	0.741169	0.760431		0.309843	0.831014	0.836792		0.553191	0.660442	0.700054		0.425799	0.787524	0.807529		0.444547	0.741331	0.768358		0.312435	0.824589	0.841053		0.540965	0.696053	0.695614		0.42568	0.775312	0.802743		0.434329	0.741169	0.760431		0.309843	0.831014	0.836792		0.529496	0.771772	0.773767		0.441474	0.820653	0.858896		0.461692	0.80045	0.825208		0.31665	0.880254	0.884255		
0.541579	0.696053	0.695614		0.42581	0.775312	0.802743		0.436759	0.741169	0.760431		0.312542	0.831014	0.836792		0.553253	0.660442	0.700054		0.4276	0.787524	0.807529		0.444977	0.741331	0.768358		0.31286	0.824589	0.841053		0.541579	0.696053	0.695614		0.42581	0.775312	0.802743		0.436759	0.741169	0.760431		0.312542	0.831014	0.836792		0.531703	0.771772	0.773767		0.441666	0.820653	0.858896		0.464238	0.80045	0.825208		0.317436	0.880254	0.884255		
0.542982	0.696053	0.695614		0.426052	0.775312	0.802743		0.440019	0.741169	0.760431		0.314187	0.831014	0.836792		0.554758	0.660442	0.700054		0.428109	0.787524	0.807529		0.4457	0.741331	0.768358		0.315775	0.824589	0.841053		0.542982	0.696053	0.695614		0.426052	0.775312	0.802743		0.440019	0.741169	0.760431		0.314187	0.831014	0.836792		0.533502	0.771772	0.773767		0.442674	0.820653	0.858896		0.471107	0.80045	0.825208		0.318057	0.880254	0.884255		
0.543597	0.696053	0.695614		0.432389	0.775312	0.802743		0.444049	0.741169	0.760431		0.31638	0.831014	0.836792		0.556696	0.660442	0.700054		0.432479	0.787524	0.807529		0.445794	0.741331	0.768358		0.316394	0.824589	0.841053		0.543597	0.696053	0.695614		0.432389	0.775312	0.802743		0.444049	0.741169	0.760431		0.31638	0.831014	0.836792		0.541796	0.771772	0.773767		0.446884	0.820653	0.858896		0.474285	0.80045	0.825208		0.319546	0.880254	0.884255		
0.549035	0.696053	0.695614		0.434211	0.775312	0.802743		0.452762	0.741169	0.760431		0.317434	0.831014	0.836792		0.559333	0.660442	0.700054		0.434175	0.787524	0.807529		0.446769	0.741331	0.768358		0.318982	0.824589	0.841053		0.549035	0.696053	0.695614		0.434211	0.775312	0.802743		0.452762	0.741169	0.760431		0.317434	0.831014	0.836792		0.552532	0.771772	0.773767		0.452283	0.820653	0.858896		0.477452	0.80045	0.825208		0.32133	0.880254	0.884255		
0.55386	0.696053	0.695614		0.434248	0.775312	0.802743		0.467994	0.741169	0.760431		0.321103	0.831014	0.836792		0.56518	0.660442	0.700054		0.434819	0.787524	0.807529		0.446968	0.741331	0.768358		0.320428	0.824589	0.841053		0.55386	0.696053	0.695614		0.434248	0.775312	0.802743		0.467994	0.741169	0.760431		0.321103	0.831014	0.836792		0.558205	0.771772	0.773767		0.469738	0.820653	0.858896		0.482454	0.80045	0.825208		0.326774	0.880254	0.884255		
0.558421	0.696053	0.695614		0.442388	0.775312	0.802743		0.471669	0.741169	0.760431		0.323676	0.831014	0.836792		0.579139	0.660442	0.700054		0.438746	0.787524	0.807529		0.448194	0.741331	0.768358		0.321815	0.824589	0.841053		0.558421	0.696053	0.695614		0.442388	0.775312	0.802743		0.471669	0.741169	0.760431		0.323676	0.831014	0.836792		0.573115	0.771772	0.773767		0.496193	0.820653	0.858896		0.490772	0.80045	0.825208		0.330742	0.880254	0.884255		
0.563246	0.696053	0.695614		0.447499	0.775312	0.802743		0.496266	0.741169	0.760431		0.332448	0.831014	0.836792		0.592772	0.660442	0.700054		0.43936	0.787524	0.807529		0.450489	0.741331	0.768358		0.324649	0.824589	0.841053		0.563246	0.696053	0.695614		0.447499	0.775312	0.802743		0.496266	0.741169	0.760431		0.332448	0.831014	0.836792		0.5819	0.771772	0.773767		0.509194	0.820653	0.858896		0.499035	0.80045	0.825208		0.331603	0.880254	0.884255		
0.573158	0.696053	0.695614		0.47309	0.775312	0.802743		0.548601	0.741169	0.760431		0.337171	0.831014	0.836792		0.60653	0.660442	0.700054		0.442028	0.787524	0.807529		0.462656	0.741331	0.768358		0.328817	0.824589	0.841053		0.573158	0.696053	0.695614		0.47309	0.775312	0.802743		0.548601	0.741169	0.760431		0.337171	0.831014	0.836792		0.587363	0.771772	0.773767		0.538257	0.820653	0.858896		0.512365	0.80045	0.825208		0.337843	0.880254	0.884255		
0.578947	0.696053	0.695614		0.475821	0.775312	0.802743		0.620673	0.741169	0.760431		0.350202	0.831014	0.836792		0.614455	0.660442	0.700054		0.478142	0.787524	0.807529		0.463809	0.741331	0.768358		0.331114	0.824589	0.841053		0.578947	0.696053	0.695614		0.475821	0.775312	0.802743		0.620673	0.741169	0.760431		0.350202	0.831014	0.836792		0.603495	0.771772	0.773767		0.57999	0.820653	0.858896		0.525477	0.80045	0.825208		0.344782	0.880254	0.884255		
0.596053	0.696053	0.695614		0.497212	0.775312	0.802743		0.685633	0.741169	0.760431		0.361378	0.831014	0.836792		0.63879	0.660442	0.700054		0.494585	0.787524	0.807529		0.478679	0.741331	0.768358		0.33913	0.824589	0.841053		0.596053	0.696053	0.695614		0.497212	0.775312	0.802743		0.685633	0.741169	0.760431		0.361378	0.831014	0.836792		0.64214	0.771772	0.773767		0.606688	0.820653	0.858896		0.557275	0.80045	0.825208		0.357639	0.880254	0.884255		
0.614386	0.696053	0.695614		0.509144	0.775312	0.802743		0.760431	0.741169	0.760431		0.506242	0.831014	0.836792		0.643428	0.660442	0.700054		0.517383	0.787524	0.807529		0.489945	0.741331	0.768358		0.341933	0.824589	0.841053		0.614386	0.696053	0.695614		0.509144	0.775312	0.802743		0.760431	0.741169	0.760431		0.506242	0.831014	0.836792		0.664257	0.771772	0.773767		0.660281	0.820653	0.858896		0.613316	0.80045	0.825208		0.369318	0.880254	0.884255		
0.636491	0.696053	0.695614		0.542484	0.775312	0.802743		0.546089	0.741169	0.760431		0.674426	0.831014	0.836792		0.651974	0.660442	0.700054		0.543369	0.787524	0.807529		0.513472	0.741331	0.768358		0.357674	0.824589	0.841053		0.636491	0.696053	0.695614		0.542484	0.775312	0.802743		0.546089	0.741169	0.760431		0.674426	0.831014	0.836792		0.687127	0.771772	0.773767		0.721907	0.820653	0.858896		0.680013	0.80045	0.825208		0.38328	0.880254	0.884255		
0.652544	0.696053	0.695614		0.577386	0.775312	0.802743		0.531854	0.741169	0.760431		0.836792	0.831014	0.836792		0.661373	0.660442	0.700054		0.571851	0.787524	0.807529		0.553326	0.741331	0.768358		0.360933	0.824589	0.841053		0.652544	0.696053	0.695614		0.577386	0.775312	0.802743		0.531854	0.741169	0.760431		0.836792	0.831014	0.836792		0.718192	0.771772	0.773767		0.782217	0.820653	0.858896		0.7454	0.80045	0.825208		0.398438	0.880254	0.884255		
0.695614	0.696053	0.695614		0.608088	0.775312	0.802743		0.472825	0.741169	0.760431		0.332027	0.831014	0.836792		0.677968	0.660442	0.700054		0.60598	0.787524	0.807529		0.607998	0.741331	0.768358		0.494467	0.824589	0.841053		0.695614	0.696053	0.695614		0.608088	0.775312	0.802743		0.472825	0.741169	0.760431		0.332027	0.831014	0.836792		0.773767	0.771772	0.773767		0.858896	0.820653	0.858896		0.825208	0.80045	0.825208		0.545665	0.880254	0.884255		
0.558202	0.696053	0.695614		0.665663	0.775312	0.802743		0.679462	0.741169	0.760431		0.317097	0.831014	0.836792		0.700054	0.660442	0.700054		0.654379	0.787524	0.807529		0.680213	0.741331	0.768358		0.654726	0.824589	0.841053		0.558202	0.696053	0.695614		0.665663	0.775312	0.802743		0.679462	0.741169	0.760431		0.317097	0.831014	0.836792		0.572399	0.771772	0.773767		0.494924	0.820653	0.858896		0.490373	0.80045	0.825208		0.714492	0.880254	0.884255		
0.561702	0.696053	0.695614		0.727643	0.775312	0.802743		0.435197	0.741169	0.760431		0.337784	0.831014	0.836792		0.548302	0.660442	0.700054		0.732655	0.787524	0.807529		0.768358	0.741331	0.768358		0.841053	0.824589	0.841053		0.561702	0.696053	0.695614		0.727643	0.775312	0.802743		0.435197	0.741169	0.760431		0.337784	0.831014	0.836792		0.579089	0.771772	0.773767		0.505034	0.820653	0.858896		0.496391	0.80045	0.825208		0.884255	0.880254	0.884255		
0.558648	0.696053	0.695614		0.802743	0.775312	0.802743		0.453204	0.741169	0.760431		0.308833	0.831014	0.836792		0.649239	0.660442	0.700054		0.807529	0.787524	0.807529		0.448135	0.741331	0.768358		0.321749	0.824589	0.841053		0.558648	0.696053	0.695614		0.802743	0.775312	0.802743		0.453204	0.741169	0.760431		0.308833	0.831014	0.836792		0.573528	0.771772	0.773767		0.496804	0.820653	0.858896		0.49116	0.80045	0.825208		0.330552	0.880254	0.884255		
0.548518	0.696053	0.695614		0.434123	0.775312	0.802743		0.436925	0.741169	0.760431		0.313129	0.831014	0.836792		0.559608	0.660442	0.700054		0.434094	0.787524	0.807529		0.444839	0.741331	0.768358		0.312724	0.824589	0.841053		0.548518	0.696053	0.695614		0.434123	0.775312	0.802743		0.436925	0.741169	0.760431		0.313129	0.831014	0.836792		0.551512	0.771772	0.773767		0.45177	0.820653	0.858896		0.477151	0.80045	0.825208		0.317184	0.880254	0.884255		
0.560143	0.696053	0.695614		0.425975	0.775312	0.802743		0.467537	0.741169	0.760431		0.308464	0.831014	0.836792		0.554615	0.660442	0.700054		0.427946	0.787524	0.807529		0.444567	0.741331	0.768358		0.312455	0.824589	0.841053		0.560143	0.696053	0.695614		0.425975	0.775312	0.802743		0.467537	0.741169	0.760431		0.308464	0.831014	0.836792		0.576251	0.771772	0.773767		0.500834	0.820653	0.858896		0.493722	0.80045	0.825208		0.316687	0.880254	0.884255		
0.573326	0.696053	0.695614		0.42372	0.775312	0.802743		0.455748	0.741169	0.760431		0.308875	0.831014	0.836792		0.55545	0.660442	0.700054		0.42373	0.787524	0.807529		0.445631	0.741331	0.768358		0.315498	0.824589	0.841053		0.573326	0.696053	0.695614		0.42372	0.775312	0.802743		0.455748	0.741169	0.760431		0.308875	0.831014	0.836792		0.587831	0.771772	0.773767		0.539467	0.820653	0.858896		0.512745	0.80045	0.825208		0.317998	0.880254	0.884255		
0.534215	0.696053	0.695614		0.423583	0.775312	0.802743		0.471603	0.741169	0.760431		0.669381	0.831014	0.836792		0.554814	0.660442	0.700054		0.423637	0.787524	0.807529		0.445733	0.741331	0.768358		0.315996	0.824589	0.841053		0.534215	0.696053	0.695614		0.423583	0.775312	0.802743		0.471603	0.741169	0.760431		0.669381	0.831014	0.836792		0.520121	0.771772	0.773767		0.438552	0.820653	0.858896		0.455917	0.80045	0.825208		0.318589	0.880254	0.884255		
0.578774	0.696053	0.695614		0.425727	0.775312	0.802743		0.433661	0.741169	0.760431		0.308131	0.831014	0.836792		0.552411	0.660442	0.700054		0.426442	0.787524	0.807529		0.442453	0.741331	0.768358		0.310754	0.824589	0.841053		0.578774	0.696053	0.695614		0.425727	0.775312	0.802743		0.433661	0.741169	0.760431		0.308131	0.831014	0.836792		0.603011	0.771772	0.773767		0.578738	0.820653	0.858896		0.525084	0.80045	0.825208		0.315765	0.880254	0.884255		
0.534333	0.696053	0.695614		0.423716	0.775312	0.802743		0.451856	0.741169	0.760431		0.833869	0.831014	0.836792		0.614217	0.660442	0.700054		0.423723	0.787524	0.807529		0.446779	0.741331	0.768358		0.319056	0.824589	0.841053		0.534333	0.696053	0.695614		0.423716	0.775312	0.802743		0.451856	0.741169	0.760431		0.833869	0.831014	0.836792		0.520962	0.771772	0.773767		0.43895	0.820653	0.858896		0.456152	0.80045	0.825208		0.321607	0.880254	0.884255		
0.558339	0.696053	0.695614		0.425687	0.775312	0.802743		0.501343	0.741169	0.760431		0.321865	0.831014	0.836792		0.653816	0.660442	0.700054		0.425891	0.787524	0.807529		0.463774	0.741331	0.768358		0.331045	0.824589	0.841053		0.558339	0.696053	0.695614		0.425687	0.775312	0.802743		0.501343	0.741169	0.760431		0.321865	0.831014	0.836792		0.572846	0.771772	0.773767		0.495717	0.820653	0.858896		0.490622	0.80045	0.825208		0.344573	0.880254	0.884255		
0.601479	0.696053	0.695614		0.442144	0.775312	0.802743		0.573466	0.741169	0.760431		0.320722	0.831014	0.836792		0.677669	0.660442	0.700054		0.438628	0.787524	0.807529		0.466723	0.741331	0.768358		0.332685	0.824589	0.841053		0.601479	0.696053	0.695614		0.442144	0.775312	0.802743		0.573466	0.741169	0.760431		0.320722	0.831014	0.836792		0.648686	0.771772	0.773767		0.622551	0.820653	0.858896		0.573863	0.80045	0.825208		0.347302	0.880254	0.884255		
0.691135	0.696053	0.695614		0.619373	0.775312	0.802743		0.433329	0.741169	0.760431		0.316482	0.831014	0.836792		0.549672	0.660442	0.700054		0.615466	0.787524	0.807529		0.448172	0.741331	0.768358		0.32179	0.824589	0.841053		0.691135	0.696053	0.695614		0.619373	0.775312	0.802743		0.433329	0.741169	0.760431		0.316482	0.831014	0.836792		0.767987	0.771772	0.773767		0.850922	0.820653	0.858896		0.816908	0.80045	0.825208		0.330671	0.880254	0.884255		
0.534315	0.696053	0.695614		0.726527	0.775312	0.802743		0.634315	0.741169	0.760431		0.411356	0.831014	0.836792		0.559059	0.660442	0.700054		0.731246	0.787524	0.807529		0.446828	0.741331	0.768358		0.31941	0.824589	0.841053		0.534315	0.696053	0.695614		0.726527	0.775312	0.802743		0.634315	0.741169	0.760431		0.411356	0.831014	0.836792		0.520908	0.771772	0.773767		0.438916	0.820653	0.858896		0.456147	0.80045	0.825208		0.322941	0.880254	0.884255		
0.575155	0.696053	0.695614		0.473898	0.775312	0.802743		0.442139	0.741169	0.760431		0.52861	0.831014	0.836792		0.580462	0.660442	0.700054		0.452718	0.787524	0.807529		0.602312	0.741331	0.768358		0.48058	0.824589	0.841053		0.575155	0.696053	0.695614		0.473898	0.775312	0.802743		0.442139	0.741169	0.760431		0.52861	0.831014	0.836792		0.592928	0.771772	0.773767		0.552655	0.820653	0.858896		0.516888	0.80045	0.825208		0.530353	0.880254	0.884255		
0.658272	0.696053	0.695614		0.43173	0.775312	0.802743		0.468637	0.741169	0.760431		0.308252	0.831014	0.836792		0.583843	0.660442	0.700054		0.432025	0.787524	0.807529		0.688763	0.741331	0.768358		0.6728	0.824589	0.841053		0.658272	0.696053	0.695614		0.43173	0.775312	0.802743		0.468637	0.741169	0.760431		0.308252	0.831014	0.836792		0.725584	0.771772	0.773767		0.792415	0.820653	0.858896		0.756014	0.80045	0.825208		0.730959	0.880254	0.884255		
0.550048	0.696053	0.695614		0.425834	0.775312	0.802743		0.672056	0.741169	0.760431		0.322456	0.831014	0.836792		0.549185	0.660442	0.700054		0.427649	0.787524	0.807529		0.445732	0.741331	0.768358		0.315989	0.824589	0.841053		0.550048	0.696053	0.695614		0.425834	0.775312	0.802743		0.672056	0.741169	0.760431		0.322456	0.831014	0.836792		0.553724	0.771772	0.773767		0.455949	0.820653	0.858896		0.478502	0.80045	0.825208		0.318571	0.880254	0.884255		
0.587945	0.696053	0.695614		0.424417	0.775312	0.802743		0.431706	0.741169	0.760431		0.309078	0.831014	0.836792		0.608194	0.660442	0.700054		0.424663	0.787524	0.807529		0.447131	0.741331	0.768358		0.320613	0.824589	0.841053		0.587945	0.696053	0.695614		0.424417	0.775312	0.802743		0.431706	0.741169	0.760431		0.309078	0.831014	0.836792		0.623822	0.771772	0.773767		0.594033	0.820653	0.858896		0.542203	0.80045	0.825208		0.327302	0.880254	0.884255		
0.618254	0.696053	0.695614		0.425197	0.775312	0.802743		0.456783	0.741169	0.760431		0.308181	0.831014	0.836792		0.58631	0.660442	0.700054		0.425004	0.787524	0.807529		0.445719	0.741331	0.768358		0.315905	0.824589	0.841053		0.618254	0.696053	0.695614		0.425197	0.775312	0.802743		0.456783	0.741169	0.760431		0.308181	0.831014	0.836792		0.668259	0.771772	0.773767		0.671066	0.820653	0.858896		0.624988	0.80045	0.825208		0.31837	0.880254	0.884255		
0.649189	0.696053	0.695614		0.432772	0.775312	0.802743		0.452553	0.741169	0.760431		0.349642	0.831014	0.836792		0.653619	0.660442	0.700054		0.432835	0.787524	0.807529		0.446307	0.741331	0.768358		0.317755	0.824589	0.841053		0.649189	0.696053	0.695614		0.432772	0.775312	0.802743		0.452553	0.741169	0.760431		0.349642	0.831014	0.836792		0.7117	0.771772	0.773767		0.769612	0.820653	0.858896		0.731734	0.80045	0.825208		0.320484	0.880254	0.884255		
0.541553	0.696053	0.695614		0.526681	0.775312	0.802743		0.444982	0.741169	0.760431		0.353153	0.831014	0.836792		0.55324	0.660442	0.700054		0.531051	0.787524	0.807529		0.444045	0.741331	0.768358		0.311789	0.824589	0.841053		0.541553	0.696053	0.695614		0.526681	0.775312	0.802743		0.444982	0.741169	0.760431		0.353153	0.831014	0.836792		0.531608	0.771772	0.773767		0.441658	0.820653	0.858896		0.464128	0.80045	0.825208		0.31635	0.880254	0.884255		
0.600893	0.696053	0.695614		0.67651	0.775312	0.802743		0.654972	0.741169	0.760431		0.308863	0.831014	0.836792		0.554693	0.660442	0.700054		0.668077	0.787524	0.807529		0.446926	0.741331	0.768358		0.320126	0.824589	0.841053		0.600893	0.696053	0.695614		0.67651	0.775312	0.802743		0.654972	0.741169	0.760431		0.308863	0.831014	0.836792		0.647979	0.771772	0.773767		0.620836	0.820653	0.858896		0.57207	0.80045	0.825208		0.325636	0.880254	0.884255		
0.69458	0.696053	0.695614		0.570092	0.775312	0.802743		0.482861	0.741169	0.760431		0.308497	0.831014	0.836792		0.548024	0.660442	0.700054		0.565899	0.787524	0.807529		0.463759	0.741331	0.768358		0.331015	0.824589	0.841053		0.69458	0.696053	0.695614		0.570092	0.775312	0.802743		0.482861	0.741169	0.760431		0.308497	0.831014	0.836792		0.772433	0.771772	0.773767		0.857056	0.820653	0.858896		0.823293	0.80045	0.825208		0.344483	0.880254	0.884255		
0.657152	0.696053	0.695614		0.423707	0.775312	0.802743		0.438992	0.741169	0.760431		0.334942	0.831014	0.836792		0.548311	0.660442	0.700054		0.42371	0.787524	0.807529		0.4488	0.741331	0.768358		0.322563	0.824589	0.841053		0.657152	0.696053	0.695614		0.423707	0.775312	0.802743		0.438992	0.741169	0.760431		0.334942	0.831014	0.836792		0.724139	0.771772	0.773767		0.790422	0.820653	0.858896		0.753939	0.80045	0.825208		0.330969	0.880254	0.884255		
0.576215	0.696053	0.695614		0.436397	0.775312	0.802743		0.688401	0.741169	0.760431		0.355287	0.831014	0.836792		0.644342	0.660442	0.700054		0.435856	0.787524	0.807529		0.606686	0.741331	0.768358		0.491262	0.824589	0.841053		0.576215	0.696053	0.695614		0.436397	0.775312	0.802743		0.688401	0.741169	0.760431		0.355287	0.831014	0.836792		0.595881	0.771772	0.773767		0.560292	0.820653	0.858896		0.519288	0.80045	0.825208		0.542132	0.880254	0.884255		
0.672141	0.696053	0.695614		0.726155	0.775312	0.802743		0.431778	0.741169	0.760431		0.46061	0.831014	0.836792		0.656936	0.660442	0.700054		0.730776	0.787524	0.807529		0.451791	0.741331	0.768358		0.325095	0.824589	0.841053		0.672141	0.696053	0.695614		0.726155	0.775312	0.802743		0.431778	0.741169	0.760431		0.46061	0.831014	0.836792		0.743479	0.771772	0.773767		0.817106	0.820653	0.858896		0.781713	0.80045	0.825208		0.332271	0.880254	0.884255		
0.556984	0.696053	0.695614		0.42416	0.775312	0.802743		0.457042	0.741169	0.760431		0.350616	0.831014	0.836792		0.547876	0.660442	0.700054		0.424583	0.787524	0.807529		0.439683	0.741331	0.768358		0.310338	0.824589	0.841053		0.556984	0.696053	0.695614		0.42416	0.775312	0.802743		0.457042	0.741169	0.760431		0.350616	0.831014	0.836792		0.568418	0.771772	0.773767		0.48786	0.820653	0.858896		0.488152	0.80045	0.825208		0.314837	0.880254	0.884255		
0.541631	0.696053	0.695614		0.423373	0.775312	0.802743		0.516153	0.741169	0.760431		0.333359	0.831014	0.836792		0.588478	0.660442	0.700054		0.4236	0.787524	0.807529		0.578202	0.741331	0.768358		0.421691	0.824589	0.841053		0.541631	0.696053	0.695614		0.423373	0.775312	0.802743		0.516153	0.741169	0.760431		0.333359	0.831014	0.836792		0.53177	0.771772	0.773767		0.441704	0.820653	0.858896		0.464492	0.80045	0.825208		0.465426	0.880254	0.884255		
0.618652	0.696053	0.695614		0.485554	0.775312	0.802743		0.562079	0.741169	0.760431		0.333775	0.831014	0.836792		0.554829	0.660442	0.700054		0.485623	0.787524	0.807529		0.445472	0.741331	0.768358		0.314857	0.824589	0.841053		0.618652	0.696053	0.695614		0.485554	0.775312	0.802743		0.562079	0.741169	0.760431		0.333775	0.831014	0.836792		0.668671	0.771772	0.773767		0.672175	0.820653	0.858896		0.626188	0.80045	0.825208		0.317861	0.880254	0.884255		
0.559777	0.696053	0.695614		0.425976	0.775312	0.802743		0.432474	0.741169	0.760431		0.313167	0.831014	0.836792		0.555132	0.660442	0.700054		0.427949	0.787524	0.807529		0.442298	0.741331	0.768358		0.310612	0.824589	0.841053		0.559777	0.696053	0.695614		0.425976	0.775312	0.802743		0.432474	0.741169	0.760431		0.313167	0.831014	0.836792		0.575583	0.771772	0.773767		0.499846	0.820653	0.858896		0.493094	0.80045	0.825208		0.315452	0.880254	0.884255		
0.535412	0.696053	0.695614		0.423099	0.775312	0.802743		0.433369	0.741169	0.760431		0.308881	0.831014	0.836792		0.684174	0.660442	0.700054		0.423552	0.787524	0.807529		0.697225	0.741331	0.768358		0.690687	0.824589	0.841053		0.535412	0.696053	0.695614		0.423099	0.775312	0.802743		0.433369	0.741169	0.760431		0.308881	0.831014	0.836792		0.521965	0.771772	0.773767		0.440006	0.820653	0.858896		0.457513	0.80045	0.825208		0.747256	0.880254	0.884255		
0.540894	0.696053	0.695614		0.425857	0.775312	0.802743		0.441534	0.741169	0.760431		0.322004	0.831014	0.836792		0.552682	0.660442	0.700054		0.427698	0.787524	0.807529		0.444668	0.741331	0.768358		0.312554	0.824589	0.841053		0.540894	0.696053	0.695614		0.425857	0.775312	0.802743		0.441534	0.741169	0.760431		0.322004	0.831014	0.836792		0.525089	0.771772	0.773767		0.440906	0.820653	0.858896		0.45971	0.80045	0.825208		0.316871	0.880254	0.884255		
0.602469	0.696053	0.695614		0.424348	0.775312	0.802743		0.468501	0.741169	0.760431		0.308907	0.831014	0.836792		0.560427	0.660442	0.700054		0.424641	0.787524	0.807529		0.439859	0.741331	0.768358		0.310386	0.824589	0.841053		0.602469	0.696053	0.695614		0.424348	0.775312	0.802743		0.468501	0.741169	0.760431		0.308907	0.831014	0.836792		0.649881	0.771772	0.773767		0.625445	0.820653	0.858896		0.576889	0.80045	0.825208		0.314929	0.880254	0.884255		
0.534828	0.696053	0.695614		0.423788	0.775312	0.802743		0.483574	0.741169	0.760431		0.316776	0.831014	0.836792		0.548059	0.660442	0.700054		0.423851	0.787524	0.807529		0.563549	0.741331	0.768358		0.385904	0.824589	0.841053		0.534828	0.696053	0.695614		0.423788	0.775312	0.802743		0.483574	0.741169	0.760431		0.316776	0.831014	0.836792		0.521652	0.771772	0.773767		0.439783	0.820653	0.858896		0.45698	0.80045	0.825208		0.42597	0.880254	0.884255		
0.575335	0.696053	0.695614		0.43273	0.775312	0.802743		0.430836	0.741169	0.760431		0.696833	0.831014	0.836792		0.634094	0.660442	0.700054		0.432796	0.787524	0.807529		0.445733	0.741331	0.768358		0.315992	0.824589	0.841053		0.575335	0.696053	0.695614		0.43273	0.775312	0.802743		0.430836	0.741169	0.760431		0.696833	0.831014	0.836792		0.593429	0.771772	0.773767		0.553949	0.820653	0.858896		0.517295	0.80045	0.825208		0.318578	0.880254	0.884255		
0.540889	0.696053	0.695614		0.753928	0.775312	0.802743		0.746519	0.741169	0.760431		0.311149	0.831014	0.836792		0.548496	0.660442	0.700054		0.758861	0.787524	0.807529		0.450046	0.741331	0.768358		0.324102	0.824589	0.841053		0.540889	0.696053	0.695614		0.753928	0.775312	0.802743		0.746519	0.741169	0.760431		0.311149	0.831014	0.836792		0.524823	0.771772	0.773767		0.440872	0.820653	0.858896		0.459591	0.80045	0.825208		0.331437	0.880254	0.884255		
0.54328	0.696053	0.695614		0.424915	0.775312	0.802743		0.703659	0.741169	0.760431		0.308873	0.831014	0.836792		0.555025	0.660442	0.700054		0.424818	0.787524	0.807529		0.440888	0.741331	0.768358		0.310487	0.824589	0.841053		0.54328	0.696053	0.695614		0.424915	0.775312	0.802743		0.703659	0.741169	0.760431		0.308873	0.831014	0.836792		0.537516	0.771772	0.773767		0.444712	0.820653	0.858896		0.472645	0.80045	0.825208		0.315133	0.880254	0.884255		
0.543635	0.696053	0.695614		0.425332	0.775312	0.802743		0.748688	0.741169	0.760431		0.330816	0.831014	0.836792		0.553981	0.660442	0.700054		0.425227	0.787524	0.807529		0.445928	0.741331	0.768358		0.316751	0.824589	0.841053		0.543635	0.696053	0.695614		0.425332	0.775312	0.802743		0.748688	0.741169	0.760431		0.330816	0.831014	0.836792		0.541872	0.771772	0.773767		0.446922	0.820653	0.858896		0.474307	0.80045	0.825208		0.319792	0.880254	0.884255		
0.577871	0.696053	0.695614		0.45103	0.775312	0.802743		0.43146	0.741169	0.760431		0.316634	0.831014	0.836792		0.652039	0.660442	0.700054		0.439728	0.787524	0.807529		0.484132	0.741331	0.768358		0.340487	0.824589	0.841053		0.577871	0.696053	0.695614		0.45103	0.775312	0.802743		0.43146	0.741169	0.760431		0.316634	0.831014	0.836792		0.600494	0.771772	0.773767		0.572228	0.820653	0.858896		0.523038	0.80045	0.825208		0.363292	0.880254	0.884255		
0.565634	0.696053	0.695614		0.425743	0.775312	0.802743		0.431406	0.741169	0.760431		0.308807	0.831014	0.836792		0.548246	0.660442	0.700054		0.426671	0.787524	0.807529		0.444982	0.741331	0.768358		0.31288	0.824589	0.841053		0.565634	0.696053	0.695614		0.425743	0.775312	0.802743		0.431406	0.741169	0.760431		0.308807	0.831014	0.836792		0.583217	0.771772	0.773767		0.516198	0.820653	0.858896		0.502248	0.80045	0.825208		0.31744	0.880254	0.884255		
0.534446	0.696053	0.695614		0.666097	0.775312	0.802743		0.493733	0.741169	0.760431		0.314768	0.831014	0.836792		0.560742	0.660442	0.700054		0.654927	0.787524	0.807529		0.445776	0.741331	0.768358		0.316279	0.824589	0.841053		0.534446	0.696053	0.695614		0.666097	0.775312	0.802743		0.493733	0.741169	0.760431		0.314768	0.831014	0.836792		0.521316	0.771772	0.773767		0.439167	0.820653	0.858896		0.456185	0.80045	0.825208		0.319269	0.880254	0.884255		
0.620244	0.696053	0.695614		0.433872	0.775312	0.802743		0.432173	0.741169	0.760431		0.338657	0.831014	0.836792		0.556392	0.660442	0.700054		0.43386	0.787524	0.807529		0.453421	0.741331	0.768358		0.325653	0.824589	0.841053		0.620244	0.696053	0.695614		0.433872	0.775312	0.802743		0.432173	0.741169	0.760431		0.338657	0.831014	0.836792		0.670318	0.771772	0.773767		0.676612	0.820653	0.858896		0.63099	0.80045	0.825208		0.333107	0.880254	0.884255		
0.657454	0.696053	0.695614		0.500088	0.775312	0.802743		0.644189	0.741169	0.760431		0.34886	0.831014	0.836792		0.552587	0.660442	0.700054		0.500079	0.787524	0.807529		0.442391	0.741331	0.768358		0.310708	0.824589	0.841053		0.657454	0.696053	0.695614		0.500088	0.775312	0.802743		0.644189	0.741169	0.760431		0.34886	0.831014	0.836792		0.724528	0.771772	0.773767		0.790958	0.820653	0.858896		0.754498	0.80045	0.825208		0.315701	0.880254	0.884255		
0.536093	0.696053	0.695614		0.44111	0.775312	0.802743		0.434009	0.741169	0.760431		0.308878	0.831014	0.836792		0.554979	0.660442	0.700054		0.438129	0.787524	0.807529		0.447293	0.741331	0.768358		0.320796	0.824589	0.841053		0.536093	0.696053	0.695614		0.44111	0.775312	0.802743		0.434009	0.741169	0.760431		0.308878	0.831014	0.836792		0.522309	0.771772	0.773767		0.440126	0.820653	0.858896		0.457983	0.80045	0.825208		0.327826	0.880254	0.884255		
0.657669	0.696053	0.695614		0.517979	0.775312	0.802743		0.43663	0.741169	0.760431		0.30829	0.831014	0.836792		0.660405	0.660442	0.700054		0.524269	0.787524	0.807529		0.439781	0.741331	0.768358		0.310374	0.824589	0.841053		0.657669	0.696053	0.695614		0.517979	0.775312	0.802743		0.43663	0.741169	0.760431		0.30829	0.831014	0.836792		0.724806	0.771772	0.773767		0.791342	0.820653	0.858896		0.754897	0.80045	0.825208		0.314921	0.880254	0.884255		
0.622388	0.696053	0.695614		0.423929	0.775312	0.802743		0.433322	0.741169	0.760431		0.782075	0.831014	0.836792		0.553199	0.660442	0.700054		0.424131	0.787524	0.807529		0.477147	0.741331	0.768358		0.338304	0.824589	0.841053		0.622388	0.696053	0.695614		0.423929	0.775312	0.802743		0.433322	0.741169	0.760431		0.782075	0.831014	0.836792		0.672536	0.771772	0.773767		0.68259	0.820653	0.858896		0.63746	0.80045	0.825208		0.356315	0.880254	0.884255		
0.534415	0.696053	0.695614		0.441549	0.775312	0.802743		0.468891	0.741169	0.760431		0.308913	0.831014	0.836792		0.553798	0.660442	0.700054		0.438341	0.787524	0.807529		0.445063	0.741331	0.768358		0.313207	0.824589	0.841053		0.534415	0.696053	0.695614		0.441549	0.775312	0.802743		0.468891	0.741169	0.760431		0.308913	0.831014	0.836792		0.521217	0.771772	0.773767		0.439107	0.820653	0.858896		0.456176	0.80045	0.825208		0.31751	0.880254	0.884255		
0.534294	0.696053	0.695614		0.425839	0.775312	0.802743		0.431748	0.741169	0.760431		0.308073	0.831014	0.836792		0.556043	0.660442	0.700054		0.42766	0.787524	0.807529		0.498461	0.741331	0.768358		0.347632	0.824589	0.841053		0.534294	0.696053	0.695614		0.425839	0.775312	0.802743		0.431748	0.741169	0.760431		0.308073	0.831014	0.836792		0.520814	0.771772	0.773767		0.438865	0.820653	0.858896		0.45613	0.80045	0.825208		0.374372	0.880254	0.884255		
0.563414	0.696053	0.695614		0.444238	0.775312	0.802743		0.449922	0.741169	0.760431		0.396725	0.831014	0.836792		0.698884	0.660442	0.700054		0.438968	0.787524	0.807529		0.505543	0.741331	0.768358		0.35237	0.824589	0.841053		0.563414	0.696053	0.695614		0.444238	0.775312	0.802743		0.449922	0.741169	0.760431		0.396725	0.831014	0.836792		0.581993	0.771772	0.773767		0.509688	0.820653	0.858896		0.499262	0.80045	0.825208		0.378574	0.880254	0.884255		
0.600526	0.696053	0.695614		0.423846	0.775312	0.802743		0.431492	0.741169	0.760431		0.332873	0.831014	0.836792		0.614869	0.660442	0.700054		0.423954	0.787524	0.807529		0.463747	0.741331	0.768358		0.330992	0.824589	0.841053		0.600526	0.696053	0.695614		0.423846	0.775312	0.802743		0.431492	0.741169	0.760431		0.332873	0.831014	0.836792		0.647536	0.771772	0.773767		0.619765	0.820653	0.858896		0.570949	0.80045	0.825208		0.344414	0.880254	0.884255		
0.549469	0.696053	0.695614		0.508511	0.775312	0.802743		0.474694	0.741169	0.760431		0.308736	0.831014	0.836792		0.551924	0.660442	0.700054		0.516175	0.787524	0.807529		0.442296	0.741331	0.768358		0.31061	0.824589	0.841053		0.549469	0.696053	0.695614		0.508511	0.775312	0.802743		0.474694	0.741169	0.760431		0.308736	0.831014	0.836792		0.553043	0.771772	0.773767		0.453854	0.820653	0.858896		0.477902	0.80045	0.825208		0.315446	0.880254	0.884255		
0.681573	0.696053	0.695614		0.609067	0.775312	0.802743		0.447325	0.741169	0.760431		0.308602	0.831014	0.836792		0.580366	0.660442	0.700054		0.606803	0.787524	0.807529		0.448754	0.741331	0.768358		0.322507	0.824589	0.841053		0.681573	0.696053	0.695614		0.609067	0.775312	0.802743		0.447325	0.741169	0.760431		0.308602	0.831014	0.836792		0.75565	0.771772	0.773767		0.833899	0.820653	0.858896		0.799191	0.80045	0.825208		0.330952	0.880254	0.884255		
0.541184	0.696053	0.695614		0.436234	0.775312	0.802743		0.439224	0.741169	0.760431		0.308878	0.831014	0.836792		0.54819	0.660442	0.700054		0.435777	0.787524	0.807529		0.446786	0.741331	0.768358		0.319112	0.824589	0.841053		0.541184	0.696053	0.695614		0.436234	0.775312	0.802743		0.439224	0.741169	0.760431		0.308878	0.831014	0.836792		0.530282	0.771772	0.773767		0.441543	0.820653	0.858896		0.462599	0.80045	0.825208		0.32182	0.880254	0.884255		
0.657842	0.696053	0.695614		0.545626	0.775312	0.802743		0.439944	0.741169	0.760431		0.354405	0.831014	0.836792		0.583993	0.660442	0.700054		0.545932	0.787524	0.807529		0.590175	0.741331	0.768358		0.450935	0.824589	0.841053		0.657842	0.696053	0.695614		0.545626	0.775312	0.802743		0.439944	0.741169	0.760431		0.354405	0.831014	0.836792		0.725028	0.771772	0.773767		0.791648	0.820653	0.858896		0.755216	0.80045	0.825208		0.497669	0.880254	0.884255		
0.642527	0.696053	0.695614		0.707437	0.775312	0.802743		0.463013	0.741169	0.760431		0.308178	0.831014	0.836792		0.55247	0.660442	0.700054		0.707137	0.787524	0.807529		0.52766	0.741331	0.768358		0.358835	0.824589	0.841053		0.642527	0.696053	0.695614		0.707437	0.775312	0.802743		0.463013	0.741169	0.760431		0.308178	0.831014	0.836792		0.698808	0.771772	0.773767		0.744583	0.820653	0.858896		0.704598	0.80045	0.825208		0.388676	0.880254	0.884255		
0.562068	0.696053	0.695614		0.687728	0.775312	0.802743		0.436572	0.741169	0.760431		0.323617	0.831014	0.836792		0.597945	0.660442	0.700054		0.682245	0.787524	0.807529		0.439783	0.741331	0.768358		0.310375	0.824589	0.841053		0.562068	0.696053	0.695614		0.687728	0.775312	0.802743		0.436572	0.741169	0.760431		0.323617	0.831014	0.836792		0.579756	0.771772	0.773767		0.506022	0.820653	0.858896		0.497019	0.80045	0.825208		0.314922	0.880254	0.884255		
0.541565	0.696053	0.695614		0.443016	0.775312	0.802743		0.430968	0.741169	0.760431		0.30954	0.831014	0.836792		0.563754	0.660442	0.700054		0.438821	0.787524	0.807529		0.482915	0.741331	0.768358		0.340184	0.824589	0.841053		0.541565	0.696053	0.695614		0.443016	0.775312	0.802743		0.430968	0.741169	0.760431		0.30954	0.831014	0.836792		0.531652	0.771772	0.773767		0.441662	0.820653	0.858896		0.464179	0.80045	0.825208		0.36203	0.880254	0.884255		
0.552282	0.696053	0.695614		0.423664	0.775312	0.802743		0.6077	0.741169	0.760431		0.317353	0.831014	0.836792		0.556652	0.660442	0.700054		0.423671	0.787524	0.807529		0.543601	0.741331	0.768358		0.360138	0.824589	0.841053		0.552282	0.696053	0.695614		0.423664	0.775312	0.802743		0.6077	0.741169	0.760431		0.317353	0.831014	0.836792		0.55635	0.771772	0.773767		0.46403	0.820653	0.858896		0.480818	0.80045	0.825208		0.394739	0.880254	0.884255		
0.651308	0.696053	0.695614		0.71252	0.775312	0.802743		0.433467	0.741169	0.760431		0.309151	0.831014	0.836792		0.556062	0.660442	0.700054		0.713556	0.787524	0.807529		0.552409	0.741331	0.768358		0.360858	0.824589	0.841053		0.651308	0.696053	0.695614		0.71252	0.775312	0.802743		0.433467	0.741169	0.760431		0.309151	0.831014	0.836792		0.7158	0.771772	0.773767		0.777573	0.820653	0.858896		0.740365	0.80045	0.825208		0.398089	0.880254	0.884255		
0.640569	0.696053	0.695614		0.576584	0.775312	0.802743		0.43552	0.741169	0.760431		0.336321	0.831014	0.836792		0.698354	0.660442	0.700054		0.571196	0.787524	0.807529		0.449738	0.741331	0.768358		0.323722	0.824589	0.841053		0.640569	0.696053	0.695614		0.576584	0.775312	0.802743		0.43552	0.741169	0.760431		0.336321	0.831014	0.836792		0.695018	0.771772	0.773767		0.737226	0.820653	0.858896		0.696621	0.80045	0.825208		0.331321	0.880254	0.884255		
0.5576	0.696053	0.695614		0.505242	0.775312	0.802743		0.435197	0.741169	0.760431		0.689202	0.831014	0.836792		0.552578	0.660442	0.700054		0.509928	0.787524	0.807529		0.444943	0.741331	0.768358		0.312827	0.824589	0.841053		0.5576	0.696053	0.695614		0.505242	0.775312	0.802743		0.435197	0.741169	0.760431		0.689202	0.831014	0.836792		0.570431	0.771772	0.773767		0.491431	0.820653	0.858896		0.489275	0.80045	0.825208		0.317375	0.880254	0.884255		
0.549474	0.696053	0.695614		0.471119	0.775312	0.802743		0.646462	0.741169	0.760431		0.432361	0.831014	0.836792		0.558858	0.660442	0.700054		0.441823	0.787524	0.807529		0.626341	0.741331	0.768358		0.535173	0.824589	0.841053		0.549474	0.696053	0.695614		0.471119	0.775312	0.802743		0.646462	0.741169	0.760431		0.432361	0.831014	0.836792		0.553049	0.771772	0.773767		0.453871	0.820653	0.858896		0.477907	0.80045	0.825208		0.588547	0.880254	0.884255		
0.534384	0.696053	0.695614		0.473783	0.775312	0.802743		0.483549	0.741169	0.760431		0.566284	0.831014	0.836792		0.547847	0.660442	0.700054		0.451201	0.787524	0.807529		0.509237	0.741331	0.768358		0.354841	0.824589	0.841053		0.534384	0.696053	0.695614		0.473783	0.775312	0.802743		0.483549	0.741169	0.760431		0.566284	0.831014	0.836792		0.521123	0.771772	0.773767		0.439048	0.820653	0.858896		0.456167	0.80045	0.825208		0.380767	0.880254	0.884255		
0.642222	0.696053	0.695614		0.424021	0.775312	0.802743		0.654322	0.741169	0.760431		0.310915	0.831014	0.836792		0.626379	0.660442	0.700054		0.424462	0.787524	0.807529		0.445708	0.741331	0.768358		0.315832	0.824589	0.841053		0.642222	0.696053	0.695614		0.424021	0.775312	0.802743		0.654322	0.741169	0.760431		0.310915	0.831014	0.836792		0.698218	0.771772	0.773767		0.743437	0.820653	0.858896		0.703356	0.80045	0.825208		0.318193	0.880254	0.884255		
0.545756	0.696053	0.695614		0.498298	0.775312	0.802743		0.677123	0.741169	0.760431		0.322346	0.831014	0.836792		0.548062	0.660442	0.700054		0.496659	0.787524	0.807529		0.723404	0.741331	0.768358		0.746027	0.824589	0.841053		0.545756	0.696053	0.695614		0.498298	0.775312	0.802743		0.677123	0.741169	0.760431		0.322346	0.831014	0.836792		0.546059	0.771772	0.773767		0.449027	0.820653	0.858896		0.475542	0.80045	0.825208		0.797676	0.880254	0.884255		
0.575954	0.696053	0.695614		0.423672	0.775312	0.802743		0.725052	0.741169	0.760431		0.343921	0.831014	0.836792		0.655705	0.660442	0.700054		0.423679	0.787524	0.807529		0.445733	0.741331	0.768358		0.315996	0.824589	0.841053		0.575954	0.696053	0.695614		0.423672	0.775312	0.802743		0.725052	0.741169	0.760431		0.343921	0.831014	0.836792		0.595155	0.771772	0.773767		0.558414	0.820653	0.858896		0.518698	0.80045	0.825208		0.318589	0.880254	0.884255		
0.576157	0.696053	0.695614		0.423662	0.775312	0.802743		0.433374	0.741169	0.760431		0.309722	0.831014	0.836792		0.55797	0.660442	0.700054		0.42367	0.787524	0.807529		0.715207	0.741331	0.768358		0.728698	0.824589	0.841053		0.576157	0.696053	0.695614		0.423662	0.775312	0.802743		0.433374	0.741169	0.760431		0.309722	0.831014	0.836792		0.595719	0.771772	0.773767		0.559875	0.820653	0.858896		0.519157	0.80045	0.825208		0.781888	0.880254	0.884255		
0.571859	0.696053	0.695614		0.425732	0.775312	0.802743		0.567412	0.741169	0.760431		0.315343	0.831014	0.836792		0.689409	0.660442	0.700054		0.426514	0.787524	0.807529		0.444754	0.741331	0.768358		0.31264	0.824589	0.841053		0.571859	0.696053	0.695614		0.425732	0.775312	0.802743		0.567412	0.741169	0.760431		0.315343	0.831014	0.836792		0.586647	0.771772	0.773767		0.53445	0.820653	0.858896		0.510618	0.80045	0.825208		0.31703	0.880254	0.884255		
0.543306	0.696053	0.695614		0.592215	0.775312	0.802743		0.444102	0.741169	0.760431		0.308824	0.831014	0.836792		0.697161	0.660442	0.700054		0.588336	0.787524	0.807529		0.446872	0.741331	0.768358		0.319731	0.824589	0.841053		0.543306	0.696053	0.695614		0.592215	0.775312	0.802743		0.444102	0.741169	0.760431		0.308824	0.831014	0.836792		0.537873	0.771772	0.773767		0.444893	0.820653	0.858896		0.472781	0.80045	0.825208		0.32415	0.880254	0.884255		
0.54282	0.696053	0.695614		0.424603	0.775312	0.802743		0.452823	0.741169	0.760431		0.308884	0.831014	0.836792		0.610706	0.660442	0.700054		0.424721	0.787524	0.807529		0.440002	0.741331	0.768358		0.310408	0.824589	0.841053		0.54282	0.696053	0.695614		0.424603	0.775312	0.802743		0.452823	0.741169	0.760431		0.308884	0.831014	0.836792		0.533293	0.771772	0.773767		0.442557	0.820653	0.858896		0.47031	0.80045	0.825208		0.314943	0.880254	0.884255		
0.543143	0.696053	0.695614		0.604066	0.775312	0.802743		0.467998	0.741169	0.760431		0.3142	0.831014	0.836792		0.554583	0.660442	0.700054		0.601509	0.787524	0.807529		0.646056	0.741331	0.768358		0.578924	0.824589	0.841053		0.543143	0.696053	0.695614		0.604066	0.775312	0.802743		0.467998	0.741169	0.760431		0.3142	0.831014	0.836792		0.535667	0.771772	0.773767		0.443773	0.820653	0.858896		0.471936	0.80045	0.825208		0.634637	0.880254	0.884255		
0.636588	0.696053	0.695614		0.63843	0.775312	0.802743		0.755196	0.741169	0.760431		0.308453	0.831014	0.836792		0.560859	0.660442	0.700054		0.631486	0.787524	0.807529		0.445616	0.741331	0.768358		0.315437	0.824589	0.841053		0.636588	0.696053	0.695614		0.63843	0.775312	0.802743		0.755196	0.741169	0.760431		0.308453	0.831014	0.836792		0.687314	0.771772	0.773767		0.722269	0.820653	0.858896		0.680405	0.80045	0.825208		0.317985	0.880254	0.884255		
0.636555	0.696053	0.695614		0.494731	0.775312	0.802743		0.713308	0.741169	0.760431		0.323685	0.831014	0.836792		0.614601	0.660442	0.700054		0.492677	0.787524	0.807529		0.442808	0.741331	0.768358		0.310969	0.824589	0.841053		0.636555	0.696053	0.695614		0.494731	0.775312	0.802743		0.713308	0.741169	0.760431		0.323685	0.831014	0.836792		0.687252	0.771772	0.773767		0.722148	0.820653	0.858896		0.680274	0.80045	0.825208		0.31589	0.880254	0.884255		
0.534298	0.696053	0.695614		0.425873	0.775312	0.802743		0.442111	0.741169	0.760431		0.34929	0.831014	0.836792		0.556707	0.660442	0.700054		0.427733	0.787524	0.807529		0.444549	0.741331	0.768358		0.312437	0.824589	0.841053		0.534298	0.696053	0.695614		0.425873	0.775312	0.802743		0.442111	0.741169	0.760431		0.34929	0.831014	0.836792		0.520856	0.771772	0.773767		0.438884	0.820653	0.858896		0.456143	0.80045	0.825208		0.316655	0.880254	0.884255		
0.534292	0.696053	0.695614		0.423711	0.775312	0.802743		0.431459	0.741169	0.760431		0.318792	0.831014	0.836792		0.606538	0.660442	0.700054		0.423715	0.787524	0.807529		0.46266	0.741331	0.768358		0.328826	0.824589	0.841053		0.534292	0.696053	0.695614		0.423711	0.775312	0.802743		0.431459	0.741169	0.760431		0.318792	0.831014	0.836792		0.520801	0.771772	0.773767		0.438859	0.820653	0.858896		0.456126	0.80045	0.825208		0.337871	0.880254	0.884255		
0.534363	0.696053	0.695614		0.434211	0.775312	0.802743		0.443739	0.741169	0.760431		0.319338	0.831014	0.836792		0.660715	0.660442	0.700054		0.434178	0.787524	0.807529		0.439748	0.741331	0.768358		0.310369	0.824589	0.841053		0.534363	0.696053	0.695614		0.434211	0.775312	0.802743		0.443739	0.741169	0.760431		0.319338	0.831014	0.836792		0.521057	0.771772	0.773767		0.439008	0.820653	0.858896		0.456161	0.80045	0.825208		0.314918	0.880254	0.884255		
0.541284	0.696053	0.695614		0.577417	0.775312	0.802743		0.433396	0.741169	0.760431		0.312973	0.831014	0.836792		0.548067	0.660442	0.700054		0.571886	0.787524	0.807529		0.450328	0.741331	0.768358		0.324451	0.824589	0.841053		0.541284	0.696053	0.695614		0.577417	0.775312	0.802743		0.433396	0.741169	0.760431		0.312973	0.831014	0.836792		0.530641	0.771772	0.773767		0.441574	0.820653	0.858896		0.463013	0.80045	0.825208		0.331543	0.880254	0.884255		
0.534344	0.696053	0.695614		0.434245	0.775312	0.802743		0.433366	0.741169	0.760431		0.309772	0.831014	0.836792		0.689431	0.660442	0.700054		0.434774	0.787524	0.807529		0.445244	0.741331	0.768358		0.313939	0.824589	0.841053		0.534344	0.696053	0.695614		0.434245	0.775312	0.802743		0.433366	0.741169	0.760431		0.309772	0.831014	0.836792		0.520998	0.771772	0.773767		0.438972	0.820653	0.858896		0.456156	0.80045	0.825208		0.317666	0.880254	0.884255		
0.594736	0.696053	0.695614		0.501627	0.775312	0.802743		0.46769	0.741169	0.760431		0.308458	0.831014	0.836792		0.548443	0.660442	0.700054		0.50302	0.787524	0.807529		0.449385	0.741331	0.768358		0.323286	0.824589	0.841053		0.594736	0.696053	0.695614		0.501627	0.775312	0.802743		0.46769	0.741169	0.760431		0.308458	0.831014	0.836792		0.639164	0.771772	0.773767		0.604632	0.820653	0.858896		0.554827	0.80045	0.825208		0.331189	0.880254	0.884255		
0.540975	0.696053	0.695614		0.425936	0.775312	0.802743		0.492773	0.741169	0.760431		0.317174	0.831014	0.836792		0.578064	0.660442	0.700054		0.427864	0.787524	0.807529		0.445166	0.741331	0.768358		0.313624	0.824589	0.841053		0.540975	0.696053	0.695614		0.425936	0.775312	0.802743		0.492773	0.741169	0.760431		0.317174	0.831014	0.836792		0.529531	0.771772	0.773767		0.441477	0.820653	0.858896		0.461733	0.80045	0.825208		0.317599	0.880254	0.884255		
