0.48	0.48	0.48		0.330323	0.629677	0.629677		0.344865	0.615135	0.615135		0.251538	0.708462	0.708462		0.438283	0.521717	0.521717		0.321469	0.638687	0.638687		0.325039	0.635209	0.635209		0.234293	0.725306	0.725306		0.48	0.48	0.48		0.330323	0.629677	0.629677		0.344865	0.615135	0.615135		0.251538	0.708462	0.708462		0.48	0.48	0.48		0.330322	0.629677	0.629677		0.344865	0.615135	0.615135		0.251538	0.708461	0.708461		
0.48	0.48	0.48		0.332258	0.629677	0.629677		0.362162	0.615135	0.615135		0.403846	0.708462	0.708462		0.438343	0.521717	0.521717		0.32213	0.638687	0.638687		0.325053	0.635209	0.635209		0.234312	0.725306	0.725306		0.48	0.48	0.48		0.332258	0.629677	0.629677		0.362162	0.615135	0.615135		0.403846	0.708462	0.708462		0.48	0.48	0.48		0.332258	0.629677	0.629677		0.362162	0.615135	0.615135		0.403846	0.708461	0.708461		
0.48	0.48	0.48		0.332903	0.629677	0.629677		0.401081	0.615135	0.615135		0.556154	0.708462	0.708462		0.438382	0.521717	0.521717		0.325564	0.638687	0.638687		0.325134	0.635209	0.635209		0.23437	0.725306	0.725306		0.48	0.48	0.48		0.332903	0.629677	0.629677		0.401081	0.615135	0.615135		0.556154	0.708462	0.708462		0.48	0.48	0.48		0.332903	0.629677	0.629677		0.401081	0.615135	0.615135		0.556154	0.708461	0.708461		
0.48	0.48	0.48		0.341613	0.629677	0.629677		0.465946	0.615135	0.615135		0.708462	0.708462	0.708462		0.438402	0.521717	0.521717		0.330037	0.638687	0.638687		0.325512	0.635209	0.635209		0.234562	0.725306	0.725306		0.48	0.48	0.48		0.341613	0.629677	0.629677		0.465946	0.615135	0.615135		0.708462	0.708462	0.708462		0.48	0.48	0.48		0.341613	0.629677	0.629677		0.465946	0.615135	0.615135		0.708461	0.708461	0.708461		
0.48	0.48	0.48		0.350323	0.629677	0.629677		0.537297	0.615135	0.615135		0.644188	0.708462	0.708462		0.438422	0.521717	0.521717		0.337731	0.638687	0.638687		0.326321	0.635209	0.635209		0.234907	0.725306	0.725306		0.48	0.48	0.48		0.350323	0.629677	0.629677		0.537297	0.615135	0.615135		0.644188	0.708462	0.708462		0.48	0.48	0.48		0.350323	0.629677	0.629677		0.537297	0.615135	0.615135		0.644188	0.708461	0.708461		
0.48	0.48	0.48		0.359032	0.629677	0.629677		0.615135	0.615135	0.615135		0.690489	0.708462	0.708462		0.439141	0.521717	0.521717		0.35041	0.638687	0.638687		0.327657	0.635209	0.635209		0.235522	0.725306	0.725306		0.48	0.48	0.48		0.359032	0.629677	0.629677		0.615135	0.615135	0.615135		0.690489	0.708462	0.708462		0.48	0.48	0.48		0.359032	0.629677	0.629677		0.615135	0.615135	0.615135		0.690489	0.708461	0.708461		
0.48	0.48	0.48		0.367742	0.629677	0.629677		0.438573	0.615135	0.615135		0.353432	0.708462	0.708462		0.440419	0.521717	0.521717		0.365114	0.638687	0.638687		0.329114	0.635209	0.635209		0.23677	0.725306	0.725306		0.48	0.48	0.48		0.367742	0.629677	0.629677		0.438573	0.615135	0.615135		0.353432	0.708462	0.708462		0.48	0.48	0.48		0.367742	0.629677	0.629677		0.438573	0.615135	0.615135		0.353432	0.708461	0.708461		
0.48	0.48	0.48		0.390323	0.629677	0.629677		0.458292	0.615135	0.615135		0.303628	0.708462	0.708462		0.442217	0.521717	0.521717		0.387387	0.638687	0.638687		0.332515	0.635209	0.635209		0.238517	0.725306	0.725306		0.48	0.48	0.48		0.390323	0.629677	0.629677		0.458292	0.615135	0.615135		0.303628	0.708462	0.708462		0.48	0.48	0.48		0.390323	0.629677	0.629677		0.458292	0.615135	0.615135		0.303628	0.708461	0.708461		
0.48	0.48	0.48		0.416129	0.629677	0.629677		0.356437	0.615135	0.615135		0.590423	0.708462	0.708462		0.445092	0.521717	0.521717		0.413138	0.638687	0.638687		0.337804	0.635209	0.635209		0.240514	0.725306	0.725306		0.48	0.48	0.48		0.416129	0.629677	0.629677		0.356437	0.615135	0.615135		0.590423	0.708462	0.708462		0.48	0.48	0.48		0.416129	0.629677	0.629677		0.356437	0.615135	0.615135		0.590423	0.708461	0.708461		
0.48	0.48	0.48		0.450968	0.629677	0.629677		0.563918	0.615135	0.615135		0.576563	0.708462	0.708462		0.449845	0.521717	0.521717		0.45328	0.638687	0.638687		0.351432	0.635209	0.635209		0.244355	0.725306	0.725306		0.48	0.48	0.48		0.450968	0.629677	0.629677		0.563918	0.615135	0.615135		0.576563	0.708462	0.708462		0.48	0.48	0.48		0.450968	0.629677	0.629677		0.563918	0.615135	0.615135		0.576563	0.708461	0.708461		
0.48	0.48	0.48		0.496129	0.629677	0.629677		0.370919	0.615135	0.615135		0.391509	0.708462	0.708462		0.456975	0.521717	0.521717		0.50639	0.638687	0.638687		0.390765	0.635209	0.635209		0.250058	0.725306	0.725306		0.48	0.48	0.48		0.496129	0.629677	0.629677		0.370919	0.615135	0.615135		0.391509	0.708462	0.708462		0.48	0.48	0.48		0.496129	0.629677	0.629677		0.370919	0.615135	0.615135		0.391509	0.708461	0.708461		
0.48	0.48	0.48		0.562903	0.629677	0.629677		0.409773	0.615135	0.615135		0.543208	0.708462	0.708462		0.465122	0.521717	0.521717		0.567665	0.638687	0.638687		0.4573	0.635209	0.635209		0.382666	0.725306	0.725306		0.48	0.48	0.48		0.562903	0.629677	0.629677		0.409773	0.615135	0.615135		0.543208	0.708462	0.708462		0.48	0.48	0.48		0.562903	0.629677	0.629677		0.409773	0.615135	0.615135		0.543208	0.708461	0.708461		
0.48	0.48	0.48		0.629677	0.629677	0.629677		0.397929	0.615135	0.615135		0.4899	0.708462	0.708462		0.479101	0.521717	0.521717		0.638687	0.638687	0.638687		0.53486	0.635209	0.635209		0.537914	0.725306	0.725306		0.48	0.48	0.48		0.629677	0.629677	0.629677		0.397929	0.615135	0.615135		0.4899	0.708462	0.708462		0.48	0.48	0.48		0.629677	0.629677	0.629677		0.397929	0.615135	0.615135		0.4899	0.708461	0.708461		
0.48	0.48	0.48		0.436266	0.629677	0.629677		0.360692	0.615135	0.615135		0.273623	0.708462	0.708462		0.495357	0.521717	0.521717		0.43634	0.638687	0.638687		0.635209	0.635209	0.635209		0.725306	0.725306	0.725306		0.48	0.48	0.48		0.436266	0.629677	0.629677		0.360692	0.615135	0.615135		0.273623	0.708462	0.708462		0.48	0.48	0.48		0.436266	0.629677	0.629677		0.360692	0.615135	0.615135		0.273623	0.708461	0.708461		
0.48	0.48	0.48		0.446857	0.629677	0.629677		0.581276	0.615135	0.615135		0.551889	0.708462	0.708462		0.521717	0.521717	0.521717		0.448543	0.638687	0.638687		0.374167	0.635209	0.635209		0.247651	0.725306	0.725306		0.48	0.48	0.48		0.446857	0.629677	0.629677		0.581276	0.615135	0.615135		0.551889	0.708462	0.708462		0.48	0.48	0.48		0.446857	0.629677	0.629677		0.581276	0.615135	0.615135		0.551889	0.708461	0.708461		
0.48	0.48	0.48		0.382848	0.629677	0.629677		0.548584	0.615135	0.615135		0.687443	0.708462	0.708462		0.438317	0.521717	0.521717		0.380014	0.638687	0.638687		0.386124	0.635209	0.635209		0.249385	0.725306	0.725306		0.48	0.48	0.48		0.382848	0.629677	0.629677		0.548584	0.615135	0.615135		0.687443	0.708462	0.708462		0.48	0.48	0.48		0.382848	0.629677	0.629677		0.548584	0.615135	0.615135		0.687443	0.708461	0.708461		
0.48	0.48	0.48		0.330985	0.629677	0.629677		0.46413	0.615135	0.615135		0.484417	0.708462	0.708462		0.439056	0.521717	0.521717		0.321695	0.638687	0.638687		0.346921	0.635209	0.635209		0.243083	0.725306	0.725306		0.48	0.48	0.48		0.330985	0.629677	0.629677		0.46413	0.615135	0.615135		0.484417	0.708462	0.708462		0.48	0.48	0.48		0.330984	0.629677	0.629677		0.46413	0.615135	0.615135		0.484417	0.708461	0.708461		
0.48	0.48	0.48		0.360992	0.629677	0.629677		0.456995	0.615135	0.615135		0.471928	0.708462	0.708462		0.448272	0.521717	0.521717		0.353718	0.638687	0.638687		0.569179	0.635209	0.635209		0.602002	0.725306	0.725306		0.48	0.48	0.48		0.360992	0.629677	0.629677		0.456995	0.615135	0.615135		0.471928	0.708462	0.708462		0.48	0.48	0.48		0.360992	0.629677	0.629677		0.456995	0.615135	0.615135		0.471928	0.708461	0.708461		
0.48	0.48	0.48		0.571851	0.629677	0.629677		0.435395	0.615135	0.615135		0.469795	0.708462	0.708462		0.438668	0.521717	0.521717		0.577182	0.638687	0.638687		0.405736	0.635209	0.635209		0.279895	0.725306	0.725306		0.48	0.48	0.48		0.571851	0.629677	0.629677		0.435395	0.615135	0.615135		0.469795	0.708462	0.708462		0.48	0.48	0.48		0.571851	0.629677	0.629677		0.435394	0.615135	0.615135		0.469795	0.708461	0.708461		
0.48	0.48	0.48		0.492471	0.629677	0.629677		0.430076	0.615135	0.615135		0.51762	0.708462	0.708462		0.501288	0.521717	0.521717		0.502088	0.638687	0.638687		0.399681	0.635209	0.635209		0.267827	0.725306	0.725306		0.48	0.48	0.48		0.492471	0.629677	0.629677		0.430076	0.615135	0.615135		0.51762	0.708462	0.708462		0.48	0.48	0.48		0.492471	0.629677	0.629677		0.430076	0.615135	0.615135		0.51762	0.708461	0.708461		
0.48	0.48	0.48		0.358292	0.629677	0.629677		0.379014	0.615135	0.615135		0.594078	0.708462	0.708462		0.438405	0.521717	0.521717		0.349332	0.638687	0.638687		0.328996	0.635209	0.635209		0.236669	0.725306	0.725306		0.48	0.48	0.48		0.358292	0.629677	0.629677		0.379014	0.615135	0.615135		0.594078	0.708462	0.708462		0.48	0.48	0.48		0.358292	0.629677	0.629677		0.379014	0.615135	0.615135		0.594078	0.708461	0.708461		
0.48	0.48	0.48		0.355244	0.629677	0.629677		0.519245	0.615135	0.615135		0.382523	0.708462	0.708462		0.438379	0.521717	0.521717		0.344895	0.638687	0.638687		0.350274	0.635209	0.635209		0.244028	0.725306	0.725306		0.48	0.48	0.48		0.355244	0.629677	0.629677		0.519245	0.615135	0.615135		0.382523	0.708462	0.708462		0.48	0.48	0.48		0.355244	0.629677	0.629677		0.519245	0.615135	0.615135		0.382523	0.708461	0.708461		
0.48	0.48	0.48		0.330603	0.629677	0.629677		0.371853	0.615135	0.615135		0.403389	0.708462	0.708462		0.449441	0.521717	0.521717		0.321565	0.638687	0.638687		0.325047	0.635209	0.635209		0.234304	0.725306	0.725306		0.48	0.48	0.48		0.330603	0.629677	0.629677		0.371853	0.615135	0.615135		0.403389	0.708462	0.708462		0.48	0.48	0.48		0.330603	0.629677	0.629677		0.371853	0.615135	0.615135		0.403389	0.708461	0.708461		
0.48	0.48	0.48		0.332885	0.629677	0.629677		0.359741	0.615135	0.615135		0.367749	0.708462	0.708462		0.447778	0.521717	0.521717		0.325468	0.638687	0.638687		0.325629	0.635209	0.635209		0.234612	0.725306	0.725306		0.48	0.48	0.48		0.332885	0.629677	0.629677		0.359741	0.615135	0.615135		0.367749	0.708462	0.708462		0.48	0.48	0.48		0.332885	0.629677	0.629677		0.35974	0.615135	0.615135		0.367749	0.708461	0.708461		
0.48	0.48	0.48		0.620463	0.629677	0.629677		0.36211	0.615135	0.615135		0.696125	0.708462	0.708462		0.445781	0.521717	0.521717		0.628886	0.638687	0.638687		0.326299	0.635209	0.635209		0.234898	0.725306	0.725306		0.48	0.48	0.48		0.620463	0.629677	0.629677		0.36211	0.615135	0.615135		0.696125	0.708462	0.708462		0.48	0.48	0.48		0.620462	0.629677	0.629677		0.36211	0.615135	0.615135		0.696124	0.708461	0.708461		
0.48	0.48	0.48		0.35493	0.629677	0.629677		0.358063	0.615135	0.615135		0.283675	0.708462	0.708462		0.445012	0.521717	0.521717		0.344438	0.638687	0.638687		0.332045	0.635209	0.635209		0.238276	0.725306	0.725306		0.48	0.48	0.48		0.35493	0.629677	0.629677		0.358063	0.615135	0.615135		0.283675	0.708462	0.708462		0.48	0.48	0.48		0.35493	0.629677	0.629677		0.358063	0.615135	0.615135		0.283675	0.708461	0.708461		
0.48	0.48	0.48		0.401858	0.629677	0.629677		0.460692	0.615135	0.615135		0.427302	0.708462	0.708462		0.477172	0.521717	0.521717		0.398898	0.638687	0.638687		0.327028	0.635209	0.635209		0.235232	0.725306	0.725306		0.48	0.48	0.48		0.401858	0.629677	0.629677		0.460692	0.615135	0.615135		0.427302	0.708462	0.708462		0.48	0.48	0.48		0.401858	0.629677	0.629677		0.460692	0.615135	0.615135		0.427301	0.708461	0.708461		
0.48	0.48	0.48		0.354094	0.629677	0.629677		0.553721	0.615135	0.615135		0.332109	0.708462	0.708462		0.438803	0.521717	0.521717		0.343221	0.638687	0.638687		0.343896	0.635209	0.635209		0.242231	0.725306	0.725306		0.48	0.48	0.48		0.354094	0.629677	0.629677		0.553721	0.615135	0.615135		0.332109	0.708462	0.708462		0.48	0.48	0.48		0.354094	0.629677	0.629677		0.553721	0.615135	0.615135		0.332109	0.708461	0.708461		
0.48	0.48	0.48		0.356829	0.629677	0.629677		0.41107	0.615135	0.615135		0.374451	0.708462	0.708462		0.443502	0.521717	0.521717		0.347202	0.638687	0.638687		0.325088	0.635209	0.635209		0.234337	0.725306	0.725306		0.48	0.48	0.48		0.356829	0.629677	0.629677		0.41107	0.615135	0.615135		0.374451	0.708462	0.708462		0.48	0.48	0.48		0.356829	0.629677	0.629677		0.41107	0.615135	0.615135		0.374451	0.708461	0.708461		
0.48	0.48	0.48		0.361201	0.629677	0.629677		0.435395	0.615135	0.615135		0.33348	0.708462	0.708462		0.438734	0.521717	0.521717		0.354071	0.638687	0.638687		0.327319	0.635209	0.635209		0.235366	0.725306	0.725306		0.48	0.48	0.48		0.361201	0.629677	0.629677		0.435395	0.615135	0.615135		0.33348	0.708462	0.708462		0.48	0.48	0.48		0.361201	0.629677	0.629677		0.435394	0.615135	0.615135		0.33348	0.708461	0.708461		
0.48	0.48	0.48		0.331987	0.629677	0.629677		0.358824	0.615135	0.615135		0.308806	0.708462	0.708462		0.438959	0.521717	0.521717		0.322037	0.638687	0.638687		0.325043	0.635209	0.635209		0.234298	0.725306	0.725306		0.48	0.48	0.48		0.331987	0.629677	0.629677		0.358824	0.615135	0.615135		0.308806	0.708462	0.708462		0.48	0.48	0.48		0.331987	0.629677	0.629677		0.358824	0.615135	0.615135		0.308806	0.708461	0.708461		
0.48	0.48	0.48		0.332252	0.629677	0.629677		0.435978	0.615135	0.615135		0.321905	0.708462	0.708462		0.43946	0.521717	0.521717		0.322128	0.638687	0.638687		0.62116	0.635209	0.635209		0.699071	0.725306	0.725306		0.48	0.48	0.48		0.332252	0.629677	0.629677		0.435978	0.615135	0.615135		0.321905	0.708462	0.708462		0.48	0.48	0.48		0.332252	0.629677	0.629677		0.435978	0.615135	0.615135		0.321905	0.708461	0.708461		
0.48	0.48	0.48		0.485426	0.629677	0.629677		0.351369	0.615135	0.615135		0.649366	0.708462	0.708462		0.4384	0.521717	0.521717		0.493803	0.638687	0.638687		0.326319	0.635209	0.635209		0.234906	0.725306	0.725306		0.48	0.48	0.48		0.485426	0.629677	0.629677		0.351369	0.615135	0.615135		0.649366	0.708462	0.708462		0.48	0.48	0.48		0.485426	0.629677	0.629677		0.351369	0.615135	0.615135		0.649366	0.708461	0.708461		
0.48	0.48	0.48		0.448146	0.629677	0.629677		0.380143	0.615135	0.615135		0.672517	0.708462	0.708462		0.438342	0.521717	0.521717		0.450028	0.638687	0.638687		0.336551	0.635209	0.635209		0.240041	0.725306	0.725306		0.48	0.48	0.48		0.448146	0.629677	0.629677		0.380143	0.615135	0.615135		0.672517	0.708462	0.708462		0.48	0.48	0.48		0.448146	0.629677	0.629677		0.380143	0.615135	0.615135		0.672517	0.708461	0.708461		
0.48	0.48	0.48		0.460497	0.629677	0.629677		0.509613	0.615135	0.615135		0.582046	0.708462	0.708462		0.438373	0.521717	0.521717		0.464486	0.638687	0.638687		0.337376	0.635209	0.635209		0.240352	0.725306	0.725306		0.48	0.48	0.48		0.460497	0.629677	0.629677		0.509613	0.615135	0.615135		0.582046	0.708462	0.708462		0.48	0.48	0.48		0.460497	0.629677	0.629677		0.509613	0.615135	0.615135		0.582046	0.708461	0.708461		
0.48	0.48	0.48		0.506412	0.629677	0.629677		0.596765	0.615135	0.615135		0.463094	0.708462	0.708462		0.438401	0.521717	0.521717		0.515826	0.638687	0.638687		0.326603	0.635209	0.635209		0.235037	0.725306	0.725306		0.48	0.48	0.48		0.506412	0.629677	0.629677		0.596765	0.615135	0.615135		0.463094	0.708462	0.708462		0.48	0.48	0.48		0.506412	0.629677	0.629677		0.596765	0.615135	0.615135		0.463094	0.708461	0.708461		
0.48	0.48	0.48		0.379687	0.629677	0.629677		0.347805	0.615135	0.615135		0.26022	0.708462	0.708462		0.468072	0.521717	0.521717		0.376896	0.638687	0.638687		0.325636	0.635209	0.635209		0.234615	0.725306	0.725306		0.48	0.48	0.48		0.379687	0.629677	0.629677		0.347805	0.615135	0.615135		0.26022	0.708462	0.708462		0.48	0.48	0.48		0.379687	0.629677	0.629677		0.347805	0.615135	0.615135		0.26022	0.708461	0.708461		
0.48	0.48	0.48		0.385965	0.629677	0.629677		0.493702	0.615135	0.615135		0.651955	0.708462	0.708462		0.438292	0.521717	0.521717		0.383088	0.638687	0.638687		0.425962	0.635209	0.635209		0.320208	0.725306	0.725306		0.48	0.48	0.48		0.385965	0.629677	0.629677		0.493702	0.615135	0.615135		0.651955	0.708462	0.708462		0.48	0.48	0.48		0.385964	0.629677	0.629677		0.493702	0.615135	0.615135		0.651955	0.708461	0.708461		
0.48	0.48	0.48		0.37989	0.629677	0.629677		0.364381	0.615135	0.615135		0.331805	0.708462	0.708462		0.461285	0.521717	0.521717		0.377096	0.638687	0.638687		0.336783	0.635209	0.635209		0.240129	0.725306	0.725306		0.48	0.48	0.48		0.37989	0.629677	0.629677		0.364381	0.615135	0.615135		0.331805	0.708462	0.708462		0.48	0.48	0.48		0.37989	0.629677	0.629677		0.36438	0.615135	0.615135		0.331805	0.708461	0.708461		
0.48	0.48	0.48		0.344888	0.629677	0.629677		0.510826	0.615135	0.615135		0.442837	0.708462	0.708462		0.438399	0.521717	0.521717		0.33293	0.638687	0.638687		0.325047	0.635209	0.635209		0.234303	0.725306	0.725306		0.48	0.48	0.48		0.344888	0.629677	0.629677		0.510826	0.615135	0.615135		0.442837	0.708462	0.708462		0.48	0.48	0.48		0.344888	0.629677	0.629677		0.510826	0.615135	0.615135		0.442837	0.708461	0.708461		
0.48	0.48	0.48		0.331217	0.629677	0.629677		0.578318	0.615135	0.615135		0.669471	0.708462	0.708462		0.461358	0.521717	0.521717		0.321774	0.638687	0.638687		0.328205	0.635209	0.635209		0.235991	0.725306	0.725306		0.48	0.48	0.48		0.331217	0.629677	0.629677		0.578318	0.615135	0.615135		0.669471	0.708462	0.708462		0.48	0.48	0.48		0.331217	0.629677	0.629677		0.578318	0.615135	0.615135		0.669471	0.708461	0.708461		
0.48	0.48	0.48		0.364363	0.629677	0.629677		0.417686	0.615135	0.615135		0.279715	0.708462	0.708462		0.43841	0.521717	0.521717		0.359409	0.638687	0.638687		0.325308	0.635209	0.635209		0.234458	0.725306	0.725306		0.48	0.48	0.48		0.364363	0.629677	0.629677		0.417686	0.615135	0.615135		0.279715	0.708462	0.708462		0.48	0.48	0.48		0.364363	0.629677	0.629677		0.417686	0.615135	0.615135		0.279715	0.708461	0.708461		
0.48	0.48	0.48		0.613919	0.629677	0.629677		0.519031	0.615135	0.615135		0.652717	0.708462	0.708462		0.43831	0.521717	0.521717		0.621926	0.638687	0.638687		0.596274	0.635209	0.635209		0.652598	0.725306	0.725306		0.48	0.48	0.48		0.613919	0.629677	0.629677		0.519031	0.615135	0.615135		0.652717	0.708462	0.708462		0.48	0.48	0.48		0.613919	0.629677	0.629677		0.519031	0.615135	0.615135		0.652717	0.708461	0.708461		
0.48	0.48	0.48		0.334384	0.629677	0.629677		0.348065	0.615135	0.615135		0.393032	0.708462	0.708462		0.454208	0.521717	0.521717		0.326324	0.638687	0.638687		0.331712	0.635209	0.635209		0.238105	0.725306	0.725306		0.48	0.48	0.48		0.334384	0.629677	0.629677		0.348065	0.615135	0.615135		0.393032	0.708462	0.708462		0.48	0.48	0.48		0.334384	0.629677	0.629677		0.348065	0.615135	0.615135		0.393032	0.708461	0.708461		
0.48	0.48	0.48		0.400361	0.629677	0.629677		0.355831	0.615135	0.615135		0.476649	0.708462	0.708462		0.444414	0.521717	0.521717		0.397404	0.638687	0.638687		0.325649	0.635209	0.635209		0.23462	0.725306	0.725306		0.48	0.48	0.48		0.400361	0.629677	0.629677		0.355831	0.615135	0.615135		0.476649	0.708462	0.708462		0.48	0.48	0.48		0.400361	0.629677	0.629677		0.355831	0.615135	0.615135		0.476649	0.708461	0.708461		
0.48	0.48	0.48		0.330433	0.629677	0.629677		0.360934	0.615135	0.615135		0.285351	0.708462	0.708462		0.438545	0.521717	0.521717		0.321507	0.638687	0.638687		0.325045	0.635209	0.635209		0.2343	0.725306	0.725306		0.48	0.48	0.48		0.330433	0.629677	0.629677		0.360934	0.615135	0.615135		0.285351	0.708462	0.708462		0.48	0.48	0.48		0.330433	0.629677	0.629677		0.360934	0.615135	0.615135		0.285351	0.708461	0.708461		
0.48	0.48	0.48		0.338382	0.629677	0.629677		0.353133	0.615135	0.615135		0.446797	0.708462	0.708462		0.505611	0.521717	0.521717		0.328378	0.638687	0.638687		0.325058	0.635209	0.635209		0.234315	0.725306	0.725306		0.48	0.48	0.48		0.338382	0.629677	0.629677		0.353133	0.615135	0.615135		0.446797	0.708462	0.708462		0.48	0.48	0.48		0.338382	0.629677	0.629677		0.353133	0.615135	0.615135		0.446797	0.708461	0.708461		
0.48	0.48	0.48		0.331343	0.629677	0.629677		0.481786	0.615135	0.615135		0.701455	0.708462	0.708462		0.480028	0.521717	0.521717		0.321817	0.638687	0.638687		0.331253	0.635209	0.635209		0.237869	0.725306	0.725306		0.48	0.48	0.48		0.331343	0.629677	0.629677		0.481786	0.615135	0.615135		0.701455	0.708462	0.708462		0.48	0.48	0.48		0.331342	0.629677	0.629677		0.481786	0.615135	0.615135		0.701455	0.708461	0.708461		
0.48	0.48	0.48		0.352552	0.629677	0.629677		0.349743	0.615135	0.615135		0.287635	0.708462	0.708462		0.438395	0.521717	0.521717		0.340977	0.638687	0.638687		0.325938	0.635209	0.635209		0.234744	0.725306	0.725306		0.48	0.48	0.48		0.352552	0.629677	0.629677		0.349743	0.615135	0.615135		0.287635	0.708462	0.708462		0.48	0.48	0.48		0.352552	0.629677	0.629677		0.349743	0.615135	0.615135		0.287635	0.708461	0.708461		
0.48	0.48	0.48		0.365512	0.629677	0.629677		0.361367	0.615135	0.615135		0.32556	0.708462	0.708462		0.447597	0.521717	0.521717		0.361349	0.638687	0.638687		0.333869	0.635209	0.635209		0.239028	0.725306	0.725306		0.48	0.48	0.48		0.365512	0.629677	0.629677		0.361367	0.615135	0.615135		0.32556	0.708462	0.708462		0.48	0.48	0.48		0.365512	0.629677	0.629677		0.361366	0.615135	0.615135		0.32556	0.708461	0.708461		
0.48	0.48	0.48		0.371919	0.629677	0.629677		0.482856	0.615135	0.615135		0.322514	0.708462	0.708462		0.483263	0.521717	0.521717		0.369234	0.638687	0.638687		0.326114	0.635209	0.635209		0.234819	0.725306	0.725306		0.48	0.48	0.48		0.371919	0.629677	0.629677		0.482856	0.615135	0.615135		0.322514	0.708462	0.708462		0.48	0.48	0.48		0.371919	0.629677	0.629677		0.482856	0.615135	0.615135		0.322514	0.708461	0.708461		
0.48	0.48	0.48		0.605238	0.629677	0.629677		0.575126	0.615135	0.615135		0.580218	0.708462	0.708462		0.475523	0.521717	0.521717		0.612693	0.638687	0.638687		0.403074	0.635209	0.635209		0.27459	0.725306	0.725306		0.48	0.48	0.48		0.605238	0.629677	0.629677		0.575126	0.615135	0.615135		0.580218	0.708462	0.708462		0.48	0.48	0.48		0.605238	0.629677	0.629677		0.575126	0.615135	0.615135		0.580218	0.708461	0.708461		
0.48	0.48	0.48		0.332121	0.629677	0.629677		0.352925	0.615135	0.615135		0.696429	0.708462	0.708462		0.438386	0.521717	0.521717		0.322083	0.638687	0.638687		0.326025	0.635209	0.635209		0.234781	0.725306	0.725306		0.48	0.48	0.48		0.332121	0.629677	0.629677		0.352925	0.615135	0.615135		0.696429	0.708462	0.708462		0.48	0.48	0.48		0.332121	0.629677	0.629677		0.352925	0.615135	0.615135		0.696429	0.708461	0.708461		
0.48	0.48	0.48		0.528047	0.629677	0.629677		0.368311	0.615135	0.615135		0.368206	0.708462	0.708462		0.439952	0.521717	0.521717		0.535679	0.638687	0.638687		0.325052	0.635209	0.635209		0.234311	0.725306	0.725306		0.48	0.48	0.48		0.528047	0.629677	0.629677		0.368311	0.615135	0.615135		0.368206	0.708462	0.708462		0.48	0.48	0.48		0.528047	0.629677	0.629677		0.368311	0.615135	0.615135		0.368206	0.708461	0.708461		
0.48	0.48	0.48		0.460994	0.629677	0.629677		0.360796	0.615135	0.615135		0.401714	0.708462	0.708462		0.494203	0.521717	0.521717		0.46507	0.638687	0.638687		0.335043	0.635209	0.635209		0.239472	0.725306	0.725306		0.48	0.48	0.48		0.460994	0.629677	0.629677		0.360796	0.615135	0.615135		0.401714	0.708462	0.708462		0.48	0.48	0.48		0.460993	0.629677	0.629677		0.360796	0.615135	0.615135		0.401714	0.708461	0.708461		
0.48	0.48	0.48		0.352779	0.629677	0.629677		0.520601	0.615135	0.615135		0.459438	0.708462	0.708462		0.438766	0.521717	0.521717		0.341307	0.638687	0.638687		0.325691	0.635209	0.635209		0.234638	0.725306	0.725306		0.48	0.48	0.48		0.352779	0.629677	0.629677		0.520601	0.615135	0.615135		0.459438	0.708462	0.708462		0.48	0.48	0.48		0.352779	0.629677	0.629677		0.520601	0.615135	0.615135		0.459438	0.708461	0.708461		
0.48	0.48	0.48		0.626606	0.629677	0.629677		0.465038	0.615135	0.615135		0.376431	0.708462	0.708462		0.438407	0.521717	0.521717		0.63542	0.638687	0.638687		0.409528	0.635209	0.635209		0.287453	0.725306	0.725306		0.48	0.48	0.48		0.626606	0.629677	0.629677		0.465038	0.615135	0.615135		0.376431	0.708462	0.708462		0.48	0.48	0.48		0.626606	0.629677	0.629677		0.465038	0.615135	0.615135		0.376431	0.708461	0.708461		
0.48	0.48	0.48		0.461671	0.629677	0.629677		0.376368	0.615135	0.615135		0.637943	0.708462	0.708462		0.438388	0.521717	0.521717		0.465867	0.638687	0.638687		0.326284	0.635209	0.635209		0.234891	0.725306	0.725306		0.48	0.48	0.48		0.461671	0.629677	0.629677		0.376368	0.615135	0.615135		0.637943	0.708462	0.708462		0.48	0.48	0.48		0.461671	0.629677	0.629677		0.376367	0.615135	0.615135		0.637943	0.708461	0.708461		
0.48	0.48	0.48		0.345846	0.629677	0.629677		0.45427	0.615135	0.615135		0.684854	0.708462	0.708462		0.520505	0.521717	0.521717		0.333777	0.638687	0.638687		0.360754	0.635209	0.635209		0.245706	0.725306	0.725306		0.48	0.48	0.48		0.345846	0.629677	0.629677		0.45427	0.615135	0.615135		0.684854	0.708462	0.708462		0.48	0.48	0.48		0.345846	0.629677	0.629677		0.45427	0.615135	0.615135		0.684854	0.708461	0.708461		
0.48	0.48	0.48		0.331225	0.629677	0.629677		0.383062	0.615135	0.615135		0.458068	0.708462	0.708462		0.438352	0.521717	0.521717		0.321777	0.638687	0.638687		0.335085	0.635209	0.635209		0.239488	0.725306	0.725306		0.48	0.48	0.48		0.331225	0.629677	0.629677		0.383062	0.615135	0.615135		0.458068	0.708462	0.708462		0.48	0.48	0.48		0.331224	0.629677	0.629677		0.383062	0.615135	0.615135		0.458068	0.708461	0.708461		
0.48	0.48	0.48		0.334279	0.629677	0.629677		0.359481	0.615135	0.615135		0.675868	0.708462	0.708462		0.45331	0.521717	0.521717		0.326271	0.638687	0.638687		0.328336	0.635209	0.635209		0.236103	0.725306	0.725306		0.48	0.48	0.48		0.334279	0.629677	0.629677		0.359481	0.615135	0.615135		0.675868	0.708462	0.708462		0.48	0.48	0.48		0.334279	0.629677	0.629677		0.359481	0.615135	0.615135		0.675867	0.708461	0.708461		
0.48	0.48	0.48		0.624402	0.629677	0.629677		0.565008	0.615135	0.615135		0.440095	0.708462	0.708462		0.438392	0.521717	0.521717		0.633076	0.638687	0.638687		0.32564	0.635209	0.635209		0.234616	0.725306	0.725306		0.48	0.48	0.48		0.624402	0.629677	0.629677		0.565008	0.615135	0.615135		0.440095	0.708462	0.708462		0.48	0.48	0.48		0.624402	0.629677	0.629677		0.565007	0.615135	0.615135		0.440095	0.708461	0.708461		
0.48	0.48	0.48		0.485561	0.629677	0.629677		0.522028	0.615135	0.615135		0.306522	0.708462	0.708462		0.445843	0.521717	0.521717		0.493962	0.638687	0.638687		0.326257	0.635209	0.635209		0.23488	0.725306	0.725306		0.48	0.48	0.48		0.485561	0.629677	0.629677		0.522028	0.615135	0.615135		0.306522	0.708462	0.708462		0.48	0.48	0.48		0.485561	0.629677	0.629677		0.522028	0.615135	0.615135		0.306521	0.708461	0.708461		
0.48	0.48	0.48		0.350201	0.629677	0.629677		0.416519	0.615135	0.615135		0.33348	0.708462	0.708462		0.438421	0.521717	0.521717		0.337624	0.638687	0.638687		0.328773	0.635209	0.635209		0.236478	0.725306	0.725306		0.48	0.48	0.48		0.350201	0.629677	0.629677		0.416519	0.615135	0.615135		0.33348	0.708462	0.708462		0.48	0.48	0.48		0.350201	0.629677	0.629677		0.416519	0.615135	0.615135		0.33348	0.708461	0.708461		
0.48	0.48	0.48		0.520502	0.629677	0.629677		0.351109	0.615135	0.615135		0.656829	0.708462	0.708462		0.438418	0.521717	0.521717		0.528755	0.638687	0.638687		0.633804	0.635209	0.635209		0.722683	0.725306	0.725306		0.48	0.48	0.48		0.520502	0.629677	0.629677		0.351109	0.615135	0.615135		0.656829	0.708462	0.708462		0.48	0.48	0.48		0.520501	0.629677	0.629677		0.351109	0.615135	0.615135		0.656829	0.708461	0.708461		
0.48	0.48	0.48		0.386258	0.629677	0.629677		0.504333	0.615135	0.615135		0.653174	0.708462	0.708462		0.440402	0.521717	0.521717		0.383377	0.638687	0.638687		0.334445	0.635209	0.635209		0.239246	0.725306	0.725306		0.48	0.48	0.48		0.386258	0.629677	0.629677		0.504333	0.615135	0.615135		0.653174	0.708462	0.708462		0.48	0.48	0.48		0.386258	0.629677	0.629677		0.504333	0.615135	0.615135		0.653174	0.708461	0.708461		
0.48	0.48	0.48		0.598761	0.629677	0.629677		0.513109	0.615135	0.615135		0.460352	0.708462	0.708462		0.459948	0.521717	0.521717		0.605804	0.638687	0.638687		0.327417	0.635209	0.635209		0.235411	0.725306	0.725306		0.48	0.48	0.48		0.598761	0.629677	0.629677		0.513109	0.615135	0.615135		0.460352	0.708462	0.708462		0.48	0.48	0.48		0.598761	0.629677	0.629677		0.513109	0.615135	0.615135		0.460352	0.708461	0.708461		
0.48	0.48	0.48		0.445568	0.629677	0.629677		0.511397	0.615135	0.615135		0.536049	0.708462	0.708462		0.438399	0.521717	0.521717		0.447058	0.638687	0.638687		0.588748	0.635209	0.635209		0.638544	0.725306	0.725306		0.48	0.48	0.48		0.445568	0.629677	0.629677		0.511397	0.615135	0.615135		0.536049	0.708462	0.708462		0.48	0.48	0.48		0.445568	0.629677	0.629677		0.511397	0.615135	0.615135		0.536049	0.708461	0.708461		
0.48	0.48	0.48		0.519901	0.629677	0.629677		0.566175	0.615135	0.615135		0.561332	0.708462	0.708462		0.509513	0.521717	0.521717		0.528203	0.638687	0.638687		0.619655	0.635209	0.635209		0.69626	0.725306	0.725306		0.48	0.48	0.48		0.519901	0.629677	0.629677		0.566175	0.615135	0.615135		0.561332	0.708462	0.708462		0.48	0.48	0.48		0.519901	0.629677	0.629677		0.566175	0.615135	0.615135		0.561332	0.708461	0.708461		
0.48	0.48	0.48		0.615388	0.629677	0.629677		0.395944	0.615135	0.615135		0.40476	0.708462	0.708462		0.438399	0.521717	0.521717		0.623488	0.638687	0.638687		0.326797	0.635209	0.635209		0.235126	0.725306	0.725306		0.48	0.48	0.48		0.615388	0.629677	0.629677		0.395944	0.615135	0.615135		0.40476	0.708462	0.708462		0.48	0.48	0.48		0.615388	0.629677	0.629677		0.395944	0.615135	0.615135		0.40476	0.708461	0.708461		
0.48	0.48	0.48		0.512021	0.629677	0.629677		0.468372	0.615135	0.615135		0.367292	0.708462	0.708462		0.43839	0.521717	0.521717		0.520973	0.638687	0.638687		0.331787	0.635209	0.635209		0.238143	0.725306	0.725306		0.48	0.48	0.48		0.512021	0.629677	0.629677		0.468372	0.615135	0.615135		0.367292	0.708462	0.708462		0.48	0.48	0.48		0.512021	0.629677	0.629677		0.468372	0.615135	0.615135		0.367292	0.708461	0.708461		
0.48	0.48	0.48		0.375894	0.629677	0.629677		0.466374	0.615135	0.615135		0.700389	0.708462	0.708462		0.455449	0.521717	0.521717		0.373154	0.638687	0.638687		0.326639	0.635209	0.635209		0.235053	0.725306	0.725306		0.48	0.48	0.48		0.375894	0.629677	0.629677		0.466374	0.615135	0.615135		0.700389	0.708462	0.708462		0.48	0.48	0.48		0.375894	0.629677	0.629677		0.466374	0.615135	0.615135		0.700389	0.708461	0.708461		
0.48	0.48	0.48		0.475264	0.629677	0.629677		0.450378	0.615135	0.615135		0.627282	0.708462	0.708462		0.446224	0.521717	0.521717		0.481853	0.638687	0.638687		0.334424	0.635209	0.635209		0.239238	0.725306	0.725306		0.48	0.48	0.48		0.475264	0.629677	0.629677		0.450378	0.615135	0.615135		0.627282	0.708462	0.708462		0.48	0.48	0.48		0.475264	0.629677	0.629677		0.450378	0.615135	0.615135		0.627281	0.708461	0.708461		
0.48	0.48	0.48		0.364789	0.629677	0.629677		0.462508	0.615135	0.615135		0.577172	0.708462	0.708462		0.48497	0.521717	0.521717		0.360129	0.638687	0.638687		0.345136	0.635209	0.635209		0.24258	0.725306	0.725306		0.48	0.48	0.48		0.364789	0.629677	0.629677		0.462508	0.615135	0.615135		0.577172	0.708462	0.708462		0.48	0.48	0.48		0.364789	0.629677	0.629677		0.462508	0.615135	0.615135		0.577172	0.708461	0.708461		
0.48	0.48	0.48		0.605438	0.629677	0.629677		0.352943	0.615135	0.615135		0.687138	0.708462	0.708462		0.438413	0.521717	0.521717		0.612906	0.638687	0.638687		0.32862	0.635209	0.635209		0.236347	0.725306	0.725306		0.48	0.48	0.48		0.605438	0.629677	0.629677		0.352943	0.615135	0.615135		0.687138	0.708462	0.708462		0.48	0.48	0.48		0.605438	0.629677	0.629677		0.352943	0.615135	0.615135		0.687138	0.708461	0.708461		
0.48	0.48	0.48		0.520902	0.629677	0.629677		0.347252	0.615135	0.615135		0.469795	0.708462	0.708462		0.512781	0.521717	0.521717		0.529123	0.638687	0.638687		0.325375	0.635209	0.635209		0.234492	0.725306	0.725306		0.48	0.48	0.48		0.520902	0.629677	0.629677		0.347252	0.615135	0.615135		0.469795	0.708462	0.708462		0.48	0.48	0.48		0.520902	0.629677	0.629677		0.347252	0.615135	0.615135		0.469795	0.708461	0.708461		
0.48	0.48	0.48		0.554089	0.629677	0.629677		0.527308	0.615135	0.615135		0.694297	0.708462	0.708462		0.444048	0.521717	0.521717		0.559576	0.638687	0.638687		0.325044	0.635209	0.635209		0.2343	0.725306	0.725306		0.48	0.48	0.48		0.554089	0.629677	0.629677		0.527308	0.615135	0.615135		0.694297	0.708462	0.708462		0.48	0.48	0.48		0.554089	0.629677	0.629677		0.527308	0.615135	0.615135		0.694297	0.708461	0.708461		
0.48	0.48	0.48		0.565174	0.629677	0.629677		0.571001	0.615135	0.615135		0.604892	0.708462	0.708462		0.446856	0.521717	0.521717		0.570079	0.638687	0.638687		0.621963	0.635209	0.635209		0.70057	0.725306	0.725306		0.48	0.48	0.48		0.565174	0.629677	0.629677		0.571001	0.615135	0.615135		0.604892	0.708462	0.708462		0.48	0.48	0.48		0.565173	0.629677	0.629677		0.571001	0.615135	0.615135		0.604892	0.708461	0.708461		
0.48	0.48	0.48		0.49653	0.629677	0.629677		0.459914	0.615135	0.615135		0.313528	0.708462	0.708462		0.441979	0.521717	0.521717		0.506757	0.638687	0.638687		0.32504	0.635209	0.635209		0.234293	0.725306	0.725306		0.48	0.48	0.48		0.49653	0.629677	0.629677		0.459914	0.615135	0.615135		0.313528	0.708462	0.708462		0.48	0.48	0.48		0.49653	0.629677	0.629677		0.459913	0.615135	0.615135		0.313528	0.708461	0.708461		
0.48	0.48	0.48		0.348232	0.629677	0.629677		0.488778	0.615135	0.615135		0.514574	0.708462	0.708462		0.465598	0.521717	0.521717		0.335885	0.638687	0.638687		0.351668	0.635209	0.635209		0.244389	0.725306	0.725306		0.48	0.48	0.48		0.348232	0.629677	0.629677		0.488778	0.615135	0.615135		0.514574	0.708462	0.708462		0.48	0.48	0.48		0.348232	0.629677	0.629677		0.488778	0.615135	0.615135		0.514574	0.708461	0.708461		
0.48	0.48	0.48		0.341151	0.629677	0.629677		0.568977	0.615135	0.615135		0.643426	0.708462	0.708462		0.445121	0.521717	0.521717		0.3298	0.638687	0.638687		0.327337	0.635209	0.635209		0.235374	0.725306	0.725306		0.48	0.48	0.48		0.341151	0.629677	0.629677		0.568977	0.615135	0.615135		0.643426	0.708462	0.708462		0.48	0.48	0.48		0.341151	0.629677	0.629677		0.568977	0.615135	0.615135		0.643426	0.708461	0.708461		
0.48	0.48	0.48		0.336971	0.629677	0.629677		0.593885	0.615135	0.615135		0.628348	0.708462	0.708462		0.444402	0.521717	0.521717		0.327653	0.638687	0.638687		0.35071	0.635209	0.635209		0.244151	0.725306	0.725306		0.48	0.48	0.48		0.336971	0.629677	0.629677		0.593885	0.615135	0.615135		0.628348	0.708462	0.708462		0.48	0.48	0.48		0.336971	0.629677	0.629677		0.593885	0.615135	0.615135		0.628348	0.708461	0.708461		
0.48	0.48	0.48		0.420937	0.629677	0.629677		0.384463	0.615135	0.615135		0.599257	0.708462	0.708462		0.464691	0.521717	0.521717		0.418678	0.638687	0.638687		0.330702	0.635209	0.635209		0.237586	0.725306	0.725306		0.48	0.48	0.48		0.420937	0.629677	0.629677		0.384463	0.615135	0.615135		0.599257	0.708462	0.708462		0.48	0.48	0.48		0.420937	0.629677	0.629677		0.384463	0.615135	0.615135		0.599257	0.708461	0.708461		
0.48	0.48	0.48		0.366523	0.629677	0.629677		0.431827	0.615135	0.615135		0.573365	0.708462	0.708462		0.438311	0.521717	0.521717		0.363055	0.638687	0.638687		0.325041	0.635209	0.635209		0.234295	0.725306	0.725306		0.48	0.48	0.48		0.366523	0.629677	0.629677		0.431827	0.615135	0.615135		0.573365	0.708462	0.708462		0.48	0.48	0.48		0.366523	0.629677	0.629677		0.431827	0.615135	0.615135		0.573364	0.708461	0.708461		
0.48	0.48	0.48		0.525042	0.629677	0.629677		0.34976	0.615135	0.615135		0.301038	0.708462	0.708462		0.458099	0.521717	0.521717		0.532922	0.638687	0.638687		0.385259	0.635209	0.635209		0.249259	0.725306	0.725306		0.48	0.48	0.48		0.525042	0.629677	0.629677		0.34976	0.615135	0.615135		0.301038	0.708462	0.708462		0.48	0.48	0.48		0.525042	0.629677	0.629677		0.34976	0.615135	0.615135		0.301038	0.708461	0.708461		
0.48	0.48	0.48		0.366932	0.629677	0.629677		0.346819	0.615135	0.615135		0.675106	0.708462	0.708462		0.477144	0.521717	0.521717		0.363746	0.638687	0.638687		0.578311	0.635209	0.635209		0.619055	0.725306	0.725306		0.48	0.48	0.48		0.366932	0.629677	0.629677		0.346819	0.615135	0.615135		0.675106	0.708462	0.708462		0.48	0.48	0.48		0.366932	0.629677	0.629677		0.346819	0.615135	0.615135		0.675106	0.708461	0.708461		
0.48	0.48	0.48		0.361819	0.629677	0.629677		0.489135	0.615135	0.615135		0.680285	0.708462	0.708462		0.438734	0.521717	0.521717		0.355115	0.638687	0.638687		0.387107	0.635209	0.635209		0.249527	0.725306	0.725306		0.48	0.48	0.48		0.361819	0.629677	0.629677		0.489135	0.615135	0.615135		0.680285	0.708462	0.708462		0.48	0.48	0.48		0.361819	0.629677	0.629677		0.489135	0.615135	0.615135		0.680284	0.708461	0.708461		
0.48	0.48	0.48		0.376932	0.629677	0.629677		0.521671	0.615135	0.615135		0.429434	0.708462	0.708462		0.438379	0.521717	0.521717		0.374179	0.638687	0.638687		0.334207	0.635209	0.635209		0.239156	0.725306	0.725306		0.48	0.48	0.48		0.376932	0.629677	0.629677		0.521671	0.615135	0.615135		0.429434	0.708462	0.708462		0.48	0.48	0.48		0.376932	0.629677	0.629677		0.521671	0.615135	0.615135		0.429434	0.708461	0.708461		
0.48	0.48	0.48		0.544674	0.629677	0.629677		0.600735	0.615135	0.615135		0.481218	0.708462	0.708462		0.443137	0.521717	0.521717		0.550937	0.638687	0.638687		0.32825	0.635209	0.635209		0.23603	0.725306	0.725306		0.48	0.48	0.48		0.544674	0.629677	0.629677		0.600735	0.615135	0.615135		0.481218	0.708462	0.708462		0.48	0.48	0.48		0.544674	0.629677	0.629677		0.600735	0.615135	0.615135		0.481218	0.708461	0.708461		
0.48	0.48	0.48		0.601165	0.629677	0.629677		0.550374	0.615135	0.615135		0.640989	0.708462	0.708462		0.485717	0.521717	0.521717		0.60836	0.638687	0.638687		0.513686	0.635209	0.635209		0.495532	0.725306	0.725306		0.48	0.48	0.48		0.601165	0.629677	0.629677		0.550374	0.615135	0.615135		0.640989	0.708462	0.708462		0.48	0.48	0.48		0.601165	0.629677	0.629677		0.550374	0.615135	0.615135		0.640989	0.708461	0.708461		
0.48	0.48	0.48		0.337032	0.629677	0.629677		0.353652	0.615135	0.615135		0.395165	0.708462	0.708462		0.441726	0.521717	0.521717		0.327684	0.638687	0.638687		0.501742	0.635209	0.635209		0.471623	0.725306	0.725306		0.48	0.48	0.48		0.337032	0.629677	0.629677		0.353652	0.615135	0.615135		0.395165	0.708462	0.708462		0.48	0.48	0.48		0.337032	0.629677	0.629677		0.353652	0.615135	0.615135		0.395164	0.708461	0.708461		
0.48	0.48	0.48		0.361497	0.629677	0.629677		0.505689	0.615135	0.615135		0.676782	0.708462	0.708462		0.473132	0.521717	0.521717		0.354571	0.638687	0.638687		0.422303	0.635209	0.635209		0.312914	0.725306	0.725306		0.48	0.48	0.48		0.361497	0.629677	0.629677		0.505689	0.615135	0.615135		0.676782	0.708462	0.708462		0.48	0.48	0.48		0.361497	0.629677	0.629677		0.505689	0.615135	0.615135		0.676781	0.708461	0.708461		
0.48	0.48	0.48		0.333887	0.629677	0.629677		0.361176	0.615135	0.615135		0.670689	0.708462	0.708462		0.438311	0.521717	0.521717		0.32607	0.638687	0.638687		0.325241	0.635209	0.635209		0.234424	0.725306	0.725306		0.48	0.48	0.48		0.333887	0.629677	0.629677		0.361176	0.615135	0.615135		0.670689	0.708462	0.708462		0.48	0.48	0.48		0.333887	0.629677	0.629677		0.361176	0.615135	0.615135		0.670689	0.708461	0.708461		
0.48	0.48	0.48		0.465645	0.629677	0.629677		0.358564	0.615135	0.615135		0.682569	0.708462	0.708462		0.438408	0.521717	0.521717		0.47054	0.638687	0.638687		0.326472	0.635209	0.635209		0.234977	0.725306	0.725306		0.48	0.48	0.48		0.465645	0.629677	0.629677		0.358564	0.615135	0.615135		0.682569	0.708462	0.708462		0.48	0.48	0.48		0.465645	0.629677	0.629677		0.358564	0.615135	0.615135		0.682569	0.708461	0.708461		
0.48	0.48	0.48		0.443338	0.629677	0.629677		0.449859	0.615135	0.615135		0.3018	0.708462	0.708462		0.440622	0.521717	0.521717		0.444489	0.638687	0.638687		0.412389	0.635209	0.635209		0.293155	0.725306	0.725306		0.48	0.48	0.48		0.443338	0.629677	0.629677		0.449859	0.615135	0.615135		0.3018	0.708462	0.708462		0.48	0.48	0.48		0.443338	0.629677	0.629677		0.449859	0.615135	0.615135		0.3018	0.708461	0.708461		
0.48	0.48	0.48		0.366131	0.629677	0.629677		0.525168	0.615135	0.615135		0.420905	0.708462	0.708462		0.438356	0.521717	0.521717		0.362393	0.638687	0.638687		0.32505	0.635209	0.635209		0.234308	0.725306	0.725306		0.48	0.48	0.48		0.366131	0.629677	0.629677		0.525168	0.615135	0.615135		0.420905	0.708462	0.708462		0.48	0.48	0.48		0.366131	0.629677	0.629677		0.525167	0.615135	0.615135		0.420904	0.708461	0.708461		
0.48	0.48	0.48		0.332366	0.629677	0.629677		0.350573	0.615135	0.615135		0.580828	0.708462	0.708462		0.441823	0.521717	0.521717		0.322707	0.638687	0.638687		0.325442	0.635209	0.635209		0.234526	0.725306	0.725306		0.48	0.48	0.48		0.332366	0.629677	0.629677		0.350573	0.615135	0.615135		0.580828	0.708462	0.708462		0.48	0.48	0.48		0.332366	0.629677	0.629677		0.350573	0.615135	0.615135		0.580827	0.708461	0.708461		
0.48	0.48	0.48		0.332586	0.629677	0.629677		0.346802	0.615135	0.615135		0.537268	0.708462	0.708462		0.438419	0.521717	0.521717		0.323874	0.638687	0.638687		0.551719	0.635209	0.635209		0.569396	0.725306	0.725306		0.48	0.48	0.48		0.332586	0.629677	0.629677		0.346802	0.615135	0.615135		0.537268	0.708462	0.708462		0.48	0.48	0.48		0.332586	0.629677	0.629677		0.346802	0.615135	0.615135		0.537268	0.708461	0.708461		
0.48	0.48	0.48		0.435534	0.629677	0.629677		0.368467	0.615135	0.615135		0.478477	0.708462	0.708462		0.438406	0.521717	0.521717		0.435497	0.638687	0.638687		0.496701	0.635209	0.635209		0.461532	0.725306	0.725306		0.48	0.48	0.48		0.435534	0.629677	0.629677		0.368467	0.615135	0.615135		0.478477	0.708462	0.708462		0.48	0.48	0.48		0.435534	0.629677	0.629677		0.368467	0.615135	0.615135		0.478477	0.708461	0.708461		
0.48	0.48	0.48		0.389035	0.629677	0.629677		0.360017	0.615135	0.615135		0.606872	0.708462	0.708462		0.438363	0.521717	0.521717		0.386117	0.638687	0.638687		0.590754	0.635209	0.635209		0.642292	0.725306	0.725306		0.48	0.48	0.48		0.389035	0.629677	0.629677		0.360017	0.615135	0.615135		0.606872	0.708462	0.708462		0.48	0.48	0.48		0.389035	0.629677	0.629677		0.360017	0.615135	0.615135		0.606872	0.708461	0.708461		
