2 4 8 
0 1 3 7 
4 6 8 9 
0 3 8 
3 7 9 
1 6 8 
5 6 8 9 
0 2 4 5 
1 4 5 9 
4 5 6 9 
7 8 
1 6 7 9 
4 7 
1 2 3 9 
3 5 9 
5 7 
0 1 9 
3 6 
1 4 8 
0 4 8 9 
0 1 5 6 
1 3 8 
1 2 5 
0 1 4 5 
0 4 6 9 
2 6 
1 4 6 
0 1 2 
2 5 9 
3 4 8 9 
2 4 9 
0 3 4 9 
2 3 8 9 
1 3 5 
3 5 8 
1 5 8 
0 2 8 
0 4 5 9 
2 3 5 
1 2 7 
0 4 5 6 
1 2 8 
0 1 6 7 
4 5 8 
0 5 8 
0 2 7 9 
0 6 8 
2 5 8 
0 2 3 
2 3 7 
1 2 4 
0 1 8 
1 5 6 9 
3 4 5 
0 5 6 9 
0 3 5 
2 3 4 
1 3 4 
1 8 9 
0 6 7 9 
