1 2 7 8 
0 1 2 9 
4 5 7 8 
0 1 3 9 
0 3 8 
6 7 8 
4 9 
1 3 4 
0 2 6 7 
4 6 
2 3 4 8 
2 3 5 
5 6 
0 6 8 
8 9 
0 5 
1 3 5 9 
1 6 7 9 
0 4 
0 2 3 
1 3 6 9 
2 4 7 8 
0 2 6 9 
0 1 7 8 
0 3 7 9 
3 4 7 8 
1 5 7 9 
1 3 6 8 
1 2 5 
3 4 5 7 
0 2 7 9 
1 2 3 
1 2 6 
2 5 9 
3 6 7 
1 2 4 7 
2 5 8 
0 1 6 7 
3 5 8 
0 1 2 8 
2 3 9 
1 5 8 
1 3 5 7 
0 1 2 7 
2 4 5 7 
1 4 5 
0 1 7 9 
0 1 3 6 
1 4 8 
3 5 7 9 
0 6 7 9 
2 6 7 9 
2 6 8 
2 3 6 
1 3 7 9 
2 3 7 
0 2 7 8 
0 1 6 9 
1 3 7 8 
0 1 3 7 
